0.000000 0.000000 -1.904579 0.000000 -0.000000 3.142591 -0.000016 -0.000426
0.010000 -2.499901 -2.667107 -2.499901 -0.001134 3.138334 -0.222317 -0.833893
0.020000 -2.863343 -2.706194 -2.863343 -0.004527 3.125619 -0.451785 -1.691086
0.030000 -2.659125 -2.657568 -2.659125 -0.009990 3.105208 -0.636958 -2.375830
0.040000 -2.398430 -2.562705 -2.398430 -0.017077 3.078842 -0.777611 -2.884568
0.050000 -1.795632 -2.455799 -1.795632 -0.025214 3.048781 -0.848228 -3.120077
0.060000 -0.991866 -2.381561 -0.991866 -0.033649 3.017945 -0.838899 -3.045554
0.070000 -1.977439 -2.310349 -1.977439 -0.042439 2.986246 -0.917372 -3.285917
0.080000 -2.907088 -2.174573 -2.907088 -0.052384 2.950840 -1.068389 -3.780648
0.090000 -1.477780 -1.801044 -1.477780 -0.063103 2.913276 -1.075118 -3.728824
0.100000 -1.237774 -1.537202 -1.237774 -0.073774 2.876718 -1.059283 -3.581430
0.110000 -1.597316 -1.389309 -1.597316 -0.084454 2.841093 -1.076234 -3.539888
0.120000 -1.052631 -1.194242 -1.052631 -0.095047 2.806861 -1.043066 -3.306820
0.130000 -2.999999 -1.065898 -2.999999 -0.106192 2.771896 -1.182962 -3.672562
0.140000 0.706440 -0.648813 0.706440 -0.117009 2.739381 -0.984397 -2.844183
0.150000 -1.080644 -0.751252 -1.080644 -0.126745 2.712046 -0.963219 -2.622905
0.160000 -1.109999 -0.656322 -1.109999 -0.136294 2.686880 -0.946823 -2.409929
0.170000 -1.868072 -0.579995 -1.868072 -0.146020 2.662736 -0.997368 -2.413722
0.180000 -0.452650 -0.342272 -0.452650 -0.155602 2.640756 -0.920652 -1.986754
0.190000 -1.289733 -0.315820 -1.289733 -0.164827 2.621722 -0.924194 -1.818662
0.200000 -1.126633 -0.186264 -1.126633 -0.174014 2.604637 -0.913392 -1.598216
0.210000 -0.485242 -0.085595 -0.485242 -0.182820 2.590655 -0.849160 -1.201715
0.220000 -0.574657 -0.042890 -0.574657 -0.191059 2.580411 -0.799667 -0.849894
0.230000 -2.999999 -0.005503 -2.999999 -0.199882 2.570278 -0.961699 -1.165585
0.240000 0.068700 0.321043 0.068700 -0.208907 2.561485 -0.845561 -0.600005
0.250000 1.292595 0.263053 1.292595 -0.216307 2.559805 -0.638271 0.251553
0.260000 2.999999 0.196012 2.999999 -0.221008 2.568603 -0.308067 1.489377
0.270000 -2.074790 0.164431 -2.074790 -0.224781 2.582297 -0.444130 1.255926
0.280000 -2.999999 0.503432 -2.999999 -0.230244 2.592570 -0.644816 0.809275
0.290000 -0.228383 0.837543 -0.228383 -0.236402 2.602547 -0.587854 1.182441
0.300000 0.215221 0.967124 0.215221 -0.241828 2.616769 -0.498939 1.656354
0.310000 1.043104 1.072598 1.043104 -0.246051 2.636741 -0.348321 2.328994
0.320000 0.814666 1.281539 0.814666 -0.248946 2.662845 -0.232896 2.884184
0.330000 1.465782 1.581599 1.465782 -0.250462 2.695237 -0.073165 3.584257
0.340000 0.339462 1.950292 0.339462 -0.250962 2.732643 -0.027602 3.892273
0.350000 2.453060 2.212806 2.453060 -0.250094 2.776232 0.197072 4.811101
0.360000 1.728711 2.407222 1.728711 -0.247421 2.827444 0.334839 5.420684
0.370000 -2.999999 2.544760 -2.999999 -0.245566 2.876837 0.041445 4.470895
0.380000 -0.005175 2.595203 -0.005175 -0.245147 2.922015 0.042050 4.561299
0.390000 2.084822 2.645939 2.084822 -0.243786 2.971455 0.226601 5.311468
0.400000 0.617858 2.754557 0.617858 -0.241349 3.025483 0.259923 5.487616
0.410000 -1.105095 2.815994 -1.105095 -0.239385 3.078168 0.135019 5.053999
0.420000 -1.848518 2.833336 -1.848518 -0.238944 3.125389 -0.043517 4.399508
0.430000 2.366963 2.853200 2.366963 -0.238281 3.173505 0.171648 5.203639
0.440000 2.999999 2.892230 2.999999 -0.235310 3.230145 0.417187 6.100826
0.450000 2.999999 2.931159 2.999999 -0.230038 3.295055 0.632451 6.857996
0.460000 2.999999 2.948066 2.999999 -0.222753 3.366853 0.819941 7.479522
0.470000 2.999999 2.959715 2.999999 -0.213723 3.444210 0.982062 7.970718
0.480000 1.387124 2.972303 1.387124 -0.203906 3.523313 0.981020 7.843657
0.490000 2.483721 2.980450 2.483721 -0.193627 3.602632 1.072225 8.005507
0.500000 0.990421 2.987578 0.990421 -0.183158 3.680986 1.022346 7.664955
0.510000 2.999999 2.995466 2.999999 -0.172297 3.758673 1.146892 7.855361
0.520000 2.569215 2.996817 2.569215 -0.160461 3.837224 1.218423 7.843610
0.530000 2.634191 2.997997 2.634191 -0.147934 3.915412 1.285491 7.783841
0.540000 1.395307 2.998502 1.395307 -0.135297 3.991363 1.242867 7.406973
0.550000 2.999999 2.998854 2.999999 -0.122396 4.065157 1.335269 7.341158
0.560000 2.999999 2.999019 2.999999 -0.108626 4.137989 1.417148 7.216159
0.570000 2.999999 2.998907 2.999999 -0.094082 4.209315 1.490352 7.041459
0.580000 2.999999 2.998301 2.999999 -0.078843 4.278680 1.556438 6.825291
0.590000 2.663072 2.995795 2.663072 -0.063107 4.345505 1.590400 6.536270
0.600000 2.306183 2.987516 2.306183 -0.047182 4.409164 1.594765 6.194339
0.610000 2.999999 2.756068 2.999999 -0.030933 4.469657 1.654236 5.900378
0.620000 -0.329610 0.702768 -0.329610 -0.015417 4.526014 1.453058 5.380369
0.630000 -0.369481 -0.218079 -0.369481 -0.001813 4.577420 1.271446 4.908349
0.640000 -0.468562 -0.417892 -0.468562 0.010040 4.624293 1.102406 4.472293
0.650000 -0.546831 -0.527559 -0.546831 0.020267 4.666962 0.945897 4.066186
0.660000 -0.587946 -0.533027 -0.587946 0.028999 4.705698 0.803208 3.684610
0.670000 -0.593973 -0.523570 -0.593973 0.036380 4.740717 0.675412 3.322069
0.680000 -0.577902 -0.468624 -0.577902 0.042559 4.772185 0.562535 2.973335
0.690000 -0.554359 -0.472706 -0.554359 0.047680 4.800215 0.463522 2.633991
0.700000 -0.500297 -0.419700 -0.500297 0.051885 4.824879 0.379220 2.299726
0.710000 -0.447731 -0.321362 -0.447731 0.055315 4.846213 0.307960 1.967627
0.720000 -0.367381 -0.278106 -0.367381 0.058101 4.864222 0.250496 1.634336
0.730000 -0.242394 -0.154756 -0.242394 0.060394 4.878874 0.208816 1.296046
0.740000 -0.137033 -0.049611 -0.137033 0.062334 4.890116 0.179769 0.952422
0.750000 -0.015587 0.034011 -0.015587 0.064047 4.897888 0.163252 0.601941
0.760000 0.117601 0.165804 0.117601 0.065657 4.902117 0.158831 0.243762
0.770000 0.231516 0.264018 0.231516 0.067270 4.902731 0.163709 -0.120808
0.780000 0.348456 0.408105 0.348456 0.068976 4.899670 0.177072 -0.491422
0.790000 0.438348 0.591453 0.438348 0.070842 4.892882 0.195857 -0.865855
0.800000 0.557993 0.725335 0.557993 0.072932 4.882326 0.221666 -1.244862
0.810000 0.679084 0.793499 0.679084 0.075313 4.867963 0.253757 -1.627284
0.820000 0.792636 0.876652 0.792636 0.078039 4.849766 0.290768 -2.011397
0.830000 0.858909 0.911621 0.858909 0.081139 4.827735 0.328413 -2.394059
0.840000 0.900438 1.032988 0.900438 0.084608 4.801892 0.364572 -2.773802
0.850000 0.929174 1.082339 0.929174 0.088426 4.772270 0.398254 -3.150010
0.860000 0.971925 1.068496 0.971925 0.092575 4.738902 0.430633 -3.522722
0.870000 1.018900 1.062630 1.018900 0.097042 4.701828 0.462023 -3.891466
0.880000 0.983352 1.055114 0.983352 0.101786 4.661086 0.486071 -4.256305
0.890000 0.963746 1.068900 0.963746 0.106742 4.616712 0.504601 -4.618007
0.900000 0.889022 1.000489 0.889022 0.111837 4.568724 0.513807 -4.979033
0.910000 0.796811 0.936584 0.796811 0.116973 4.517118 0.513138 -5.341942
0.920000 0.694781 0.862439 0.694781 0.122053 4.461861 0.502678 -5.709245
0.930000 0.572709 0.754816 0.572709 0.126975 4.402892 0.481706 -6.084356
0.940000 0.423609 0.582174 0.423609 0.131628 4.340109 0.449013 -6.471848
0.950000 0.278411 0.375912 0.278411 0.135901 4.273380 0.405910 -6.873417
0.960000 0.026353 0.184548 0.026353 0.139651 4.202485 0.344843 -7.304982
0.970000 -0.090487 0.037580 -0.090487 0.142762 4.127209 0.278144 -7.748971
0.980000 -0.296710 -0.237932 -0.296710 0.145144 4.047355 0.199244 -8.220060
0.990000 -0.500256 -0.564654 -0.500256 0.146683 3.962652 0.109603 -8.717710
1.000000 -0.691687 -0.706192 -0.691687 0.147281 3.872857 0.011523 -9.237447
1.010000 -0.923460 -0.873772 -0.923460 0.146844 3.777716 -0.097024 -9.784897
1.020000 -1.141112 -0.993145 -1.141112 0.145283 3.677001 -0.213026 -10.350249
1.030000 -1.253867 -1.178261 -1.253867 0.142579 3.570729 -0.325426 -10.893804
1.040000 -1.445421 -1.306926 -1.445421 0.138740 3.459063 -0.439564 -11.426040
1.050000 -1.503129 -1.445996 -1.503129 0.133820 3.342408 -0.541366 -11.888944
1.060000 -1.587512 -1.606747 -1.587512 0.127936 3.221485 -0.632128 -12.277153
1.070000 -1.640734 -1.762531 -1.640734 0.121218 3.097156 -0.708238 -12.568917
1.080000 -1.662143 -1.757142 -1.662143 0.113825 2.970468 -0.767105 -12.748837
1.090000 -1.551046 -1.623261 -1.551046 0.105984 2.842746 -0.798620 -12.778266
1.100000 -1.440812 -1.569703 -1.440812 0.097947 2.715399 -0.806940 -12.677204
1.110000 -1.322035 -1.427503 -1.322035 0.089928 2.589624 -0.795872 -12.467978
1.120000 -1.194232 -1.299117 -1.194232 0.082101 2.466381 -0.769242 -12.174741
1.130000 -1.035860 -1.084026 -1.035860 0.074613 2.346417 -0.728755 -11.815570
1.140000 -0.862977 -0.843728 -0.862977 0.067588 2.230285 -0.677099 -11.411165
1.150000 -0.673057 -0.663895 -0.673057 0.061129 2.118349 -0.616076 -10.978484
1.160000 -0.487532 -0.466073 -0.487532 0.055314 2.010803 -0.548528 -10.534537
1.170000 -0.337785 -0.321611 -0.337785 0.050186 1.907676 -0.478927 -10.095234
1.180000 -0.187567 -0.248579 -0.187567 0.045761 1.808887 -0.407993 -9.667043
1.190000 -0.045332 -0.202290 -0.045332 0.042046 1.714298 -0.336737 -9.255178
1.200000 0.091830 -0.138068 0.091830 0.039044 1.623728 -0.265618 -8.862935
1.210000 0.190500 0.015456 0.190500 0.036737 1.536969 -0.197455 -8.492658
1.220000 0.281656 0.225863 0.281656 0.035097 1.453800 -0.132324 -8.144266
1.230000 0.340678 0.380400 0.340678 0.034082 1.374012 -0.072144 -7.816221
1.240000 0.352314 0.405427 0.352314 0.033629 1.297421 -0.019841 -7.504219
1.250000 0.368209 0.331909 0.368209 0.033666 1.223879 0.025900 -7.206333
1.260000 0.349840 0.328093 0.349840 0.034117 1.153268 0.063247 -6.917346
1.270000 0.316322 0.226343 0.316322 0.034898 1.085522 0.091988 -6.633455
1.280000 0.261097 0.207094 0.261097 0.035918 1.020612 0.111377 -6.349914
1.290000 0.217611 0.197651 0.217611 0.037094 0.958532 0.123389 -6.067327
1.300000 0.155780 0.136960 0.155780 0.038350 0.899294 0.127407 -5.781851
1.310000 0.132185 0.138523 0.132185 0.039626 0.842889 0.127469 -5.500727
1.320000 0.040648 0.072585 0.040648 0.040857 0.789344 0.118572 -5.210049
1.330000 -0.031558 0.054367 -0.031558 0.041966 0.738732 0.103312 -4.914392
1.340000 -0.055803 -0.001073 -0.055803 0.042914 0.691042 0.086473 -4.625723
1.350000 -0.089530 -0.012876 -0.089530 0.043684 0.646214 0.067622 -4.342369
1.360000 -0.105675 0.015745 -0.105675 0.044264 0.604167 0.048624 -4.069463
1.370000 -0.126373 0.034026 -0.126373 0.044652 0.564802 0.029284 -3.806147
1.380000 -0.140751 0.015758 -0.140751 0.044848 0.528013 0.010326 -3.554395
1.390000 -0.149779 -0.021552 -0.149779 0.044860 0.493675 -0.007699 -3.315711
1.400000 -0.172857 -0.034938 -0.172857 0.044690 0.461681 -0.025984 -3.085829
1.410000 -0.196957 -0.040678 -0.196957 0.044336 0.431943 -0.044505 -2.864359
1.420000 -0.191196 -0.027954 -0.191196 0.043809 0.404333 -0.060578 -2.660015
1.430000 -0.208714 -0.045820 -0.208714 0.043123 0.378721 -0.076420 -2.464831
1.440000 -0.205685 -0.027162 -0.205685 0.042288 0.354985 -0.090220 -2.284676
1.450000 -0.211410 -0.021048 -0.211410 0.041321 0.332993 -0.102924 -2.115858
1.460000 -0.219152 -0.022339 -0.219152 0.040231 0.312639 -0.114801 -1.957003
1.470000 -0.217411 -0.022760 -0.217411 0.039030 0.293811 -0.125092 -1.810408
1.480000 -0.211402 -0.017293 -0.211402 0.037736 0.276385 -0.133581 -1.676470
1.490000 -0.209645 -0.018567 -0.209645 0.036363 0.260247 -0.140830 -1.552801
1.500000 -0.206036 -0.010527 -0.206036 0.034924 0.245294 -0.146809 -1.439157
1.510000 -0.193909 -0.007663 -0.193909 0.033435 0.231417 -0.150906 -1.337431
1.520000 -0.199123 -0.006975 -0.199123 0.031906 0.218531 -0.154859 -1.240972
1.530000 -0.186465 0.000574 -0.186465 0.030346 0.206555 -0.157109 -1.155174
1.540000 -0.185388 -0.001116 -0.185388 0.028765 0.195407 -0.158873 -1.075304
1.550000 -0.181380 0.004937 -0.181380 0.027171 0.185025 -0.159949 -1.001831
1.560000 -0.178406 0.015303 -0.178406 0.025569 0.175350 -0.160512 -0.933868
1.570000 -0.180257 0.011809 -0.180257 0.023961 0.166337 -0.161052 -0.869370
1.580000 -0.177980 0.014494 -0.177980 0.022349 0.157946 -0.161212 -0.809430
1.590000 -0.172257 0.023407 -0.172257 0.020739 0.150128 -0.160735 -0.754790
1.600000 -0.165238 0.026971 -0.165238 0.019138 0.142829 -0.159583 -0.705403
1.610000 -0.163793 0.031344 -0.163793 0.017548 0.136009 -0.158332 -0.658958
1.620000 -0.157808 0.029628 -0.157808 0.015974 0.129632 -0.156595 -0.616725
1.630000 -0.153043 0.039871 -0.153043 0.014418 0.123660 -0.154540 -0.577930
1.640000 -0.152177 0.042089 -0.152177 0.012883 0.118067 -0.152554 -0.540994
1.650000 -0.145310 0.046062 -0.145310 0.011370 0.112824 -0.150102 -0.507780
1.660000 -0.142816 0.048470 -0.142816 0.009881 0.107903 -0.147627 -0.476508
1.670000 -0.138106 0.057478 -0.138106 0.008419 0.103283 -0.144941 -0.447774
1.680000 -0.131633 0.060228 -0.131633 0.006985 0.098934 -0.141914 -0.421955
1.690000 -0.127761 0.060700 -0.127761 0.005581 0.094835 -0.138819 -0.397940
1.700000 -0.125064 0.068586 -0.125064 0.004209 0.090970 -0.135772 -0.375209
1.710000 -0.119295 0.076760 -0.119295 0.002868 0.087320 -0.132497 -0.354706
1.720000 -0.115173 0.070289 -0.115173 0.001559 0.083868 -0.129170 -0.335704
1.730000 -0.111878 0.087247 -0.111878 0.000285 0.080600 -0.125872 -0.317826
1.740000 -0.107163 0.083097 -0.107163 -0.000957 0.077504 -0.122478 -0.301481
1.750000 -0.104823 0.085905 -0.104823 -0.002165 0.074567 -0.119210 -0.285769
1.760000 -0.098959 0.088694 -0.098959 -0.003340 0.071779 -0.115744 -0.271849
1.770000 -0.095676 0.088839 -0.095676 -0.004480 0.069126 -0.112334 -0.258721
1.780000 -0.092472 0.093746 -0.092472 -0.005586 0.066600 -0.108983 -0.246326
1.790000 -0.088660 0.101467 -0.088660 -0.006659 0.064194 -0.105631 -0.234839
1.800000 -0.085631 0.102756 -0.085631 -0.007698 0.061900 -0.102350 -0.223950
1.810000 -0.081992 0.106654 -0.081992 -0.008705 0.059710 -0.099080 -0.213846
1.820000 -0.078619 0.111489 -0.078619 -0.009679 0.057619 -0.095845 -0.204399
1.830000 -0.075302 0.114068 -0.075302 -0.010622 0.055618 -0.092647 -0.195566
1.840000 -0.072533 0.118435 -0.072533 -0.011532 0.053704 -0.089531 -0.187142
1.850000 -0.069405 0.126035 -0.069405 -0.012412 0.051872 -0.086459 -0.179246
1.860000 -0.066578 0.126295 -0.066578 -0.013261 0.050116 -0.083453 -0.171762
1.870000 -0.063166 0.126442 -0.063166 -0.014080 0.048433 -0.080454 -0.164880
1.880000 -0.060640 0.127858 -0.060640 -0.014870 0.046816 -0.077543 -0.158280
1.890000 -0.057881 0.134132 -0.057881 -0.015631 0.045264 -0.074689 -0.152048
1.900000 -0.055135 0.139979 -0.055135 -0.016364 0.043772 -0.071888 -0.146176
1.910000 -0.052914 0.137816 -0.052914 -0.017069 0.042339 -0.069182 -0.140488
1.920000 -0.050560 0.140866 -0.050560 -0.017747 0.040960 -0.066549 -0.135043
1.930000 -0.047972 0.142748 -0.047972 -0.018400 0.039635 -0.063960 -0.129928
1.940000 -0.044929 0.146649 -0.044929 -0.019026 0.038359 -0.061372 -0.125289
1.950000 -0.042657 0.154035 -0.042657 -0.019627 0.037127 -0.058854 -0.120852
1.960000 -0.040850 0.150623 -0.040850 -0.020203 0.035940 -0.056439 -0.116471
1.970000 -0.037902 0.153746 -0.037902 -0.020755 0.034795 -0.054015 -0.112552
1.980000 -0.036517 0.151322 -0.036517 -0.021284 0.033689 -0.051723 -0.108552
1.990000 -0.034258 0.149876 -0.034258 -0.021789 0.032621 -0.049471 -0.104803
2.000000 -0.032015 0.158286 -0.032015 -0.022273 0.031590 -0.047257 -0.101299
2.010000 -0.030407 0.158063 -0.030407 -0.022735 0.030594 -0.045132 -0.097830
2.020000 -0.028412 0.160917 -0.028412 -0.023175 0.029632 -0.043054 -0.094548
2.030000 -0.026560 0.163424 -0.026560 -0.023596 0.028702 -0.041030 -0.091411
2.040000 -0.024824 0.168757 -0.024824 -0.023996 0.027802 -0.039066 -0.088389
2.050000 -0.022835 0.167466 -0.022835 -0.024377 0.026932 -0.037131 -0.085579
2.060000 -0.019979 0.170762 -0.019979 -0.024738 0.026087 -0.035147 -0.083270
2.070000 -0.019866 0.170128 -0.019866 -0.025080 0.025268 -0.033362 -0.080518
2.080000 -0.018519 0.176424 -0.018519 -0.025405 0.024476 -0.031646 -0.077805
2.090000 -0.015266 0.170120 -0.015266 -0.025712 0.023708 -0.029822 -0.075787
2.100000 -0.014438 0.171518 -0.014438 -0.026002 0.022961 -0.028117 -0.073598
2.110000 -0.012737 0.171357 -0.012737 -0.026274 0.022234 -0.026441 -0.071572
2.120000 -0.011563 0.182394 -0.011563 -0.026531 0.021528 -0.024839 -0.069535
2.130000 -0.009648 0.181448 -0.009648 -0.026771 0.020842 -0.023235 -0.067758
2.140000 -0.008764 0.180989 -0.008764 -0.026996 0.020173 -0.021722 -0.065889
2.150000 -0.009028 0.186470 -0.009028 -0.027206 0.019525 -0.020393 -0.063575
2.160000 -0.006684 0.181951 -0.006684 -0.027403 0.018899 -0.018995 -0.061753
2.170000 -0.006622 0.178795 -0.006622 -0.027586 0.018291 -0.017738 -0.059625
2.180000 -0.005338 0.184330 -0.005338 -0.027757 0.017705 -0.016500 -0.057651
2.190000 -0.003375 0.186884 -0.003375 -0.027916 0.017136 -0.015217 -0.056054
2.200000 -0.003629 0.191243 -0.003629 -0.028062 0.016585 -0.014093 -0.054071
2.210000 -0.001073 0.189391 -0.001073 -0.028197 0.016051 -0.012859 -0.052698
2.220000 -0.000269 0.193975 -0.000269 -0.028320 0.015531 -0.011684 -0.051296
2.230000 0.000526 0.191966 0.000526 -0.028431 0.015025 -0.010563 -0.049883
2.240000 0.001391 0.189468 0.001391 -0.028531 0.014533 -0.009483 -0.048499
2.250000 0.001688 0.186858 0.001688 -0.028621 0.014055 -0.008490 -0.046965
2.260000 0.002847 0.197275 0.002847 -0.028700 0.013592 -0.007499 -0.045599
2.270000 0.002687 0.191356 0.002687 -0.028771 0.013144 -0.006626 -0.043956
2.280000 0.003031 0.195266 0.003031 -0.028833 0.012713 -0.005814 -0.042247
2.290000 0.005695 0.200693 0.005695 -0.028886 0.012295 -0.004850 -0.041265
2.300000 0.006930 0.199034 0.006930 -0.028930 0.011886 -0.003877 -0.040464
2.310000 0.006645 0.196352 0.006645 -0.028964 0.011487 -0.003034 -0.039330
2.320000 0.007592 0.195960 0.007592 -0.028990 0.011099 -0.002195 -0.038325
2.330000 0.008036 0.196697 0.008036 -0.029008 0.010720 -0.001404 -0.037277
2.340000 0.007302 0.195547 0.007302 -0.029019 0.010355 -0.000762 -0.035809
2.350000 0.009144 0.203063 0.009144 -0.029023 0.010002 -0.000023 -0.034838
2.360000 0.009643 0.203239 0.009643 -0.029020 0.009658 0.000683 -0.033870
2.370000 0.010420 0.202010 0.010420 -0.029009 0.009323 0.001384 -0.033009
2.380000 0.010460 0.204289 0.010460 -0.028992 0.008998 0.002014 -0.032006
2.390000 0.011831 0.205487 0.011831 -0.028969 0.008681 0.002701 -0.031330
2.400000 0.012135 0.205543 0.012135 -0.028938 0.008372 0.003343 -0.030600
2.410000 0.012011 0.206313 0.012011 -0.028902 0.008070 0.003906 -0.029689
2.420000 0.011859 0.200506 0.011859 -0.028860 0.007778 0.004397 -0.028616
2.430000 0.011716 0.202977 0.011716 -0.028814 0.007498 0.004824 -0.027410
2.440000 0.011657 0.204853 0.011657 -0.028764 0.007230 0.005202 -0.026121
2.450000 0.013924 0.202314 0.013924 -0.028709 0.006972 0.005744 -0.025541
2.460000 0.014020 0.210473 0.014020 -0.028649 0.006720 0.006237 -0.024872
2.470000 0.014153 0.208100 0.014153 -0.028585 0.006475 0.006691 -0.024147
2.480000 0.014787 0.210482 0.014787 -0.028515 0.006236 0.007153 -0.023544
2.490000 0.014688 0.210421 0.014688 -0.028442 0.006004 0.007559 -0.022814
2.500000 0.015034 0.213249 0.015034 -0.028364 0.005780 0.007953 -0.022126
2.510000 0.015701 0.210850 0.015701 -0.028283 0.005561 0.008365 -0.021588
2.520000 0.015410 0.210776 0.015410 -0.028197 0.005349 0.008709 -0.020871
2.530000 0.015806 0.213924 0.015806 -0.028108 0.005143 0.009053 -0.020231
2.540000 0.017035 0.211494 0.017035 -0.028016 0.004942 0.009470 -0.019942
2.550000 0.015981 0.210071 0.015981 -0.027920 0.004746 0.009750 -0.019210
2.560000 0.016631 0.213687 0.016631 -0.027821 0.004557 0.010059 -0.018659
2.570000 0.017623 0.209138 0.017623 -0.027718 0.004372 0.010425 -0.018388
2.580000 0.016422 0.209678 0.016422 -0.027613 0.004191 0.010645 -0.017640
2.590000 0.017059 0.214228 0.017059 -0.027505 0.004018 0.010900 -0.017088
2.600000 0.017783 0.208778 0.017783 -0.027394 0.003849 0.011194 -0.016742
2.610000 0.017766 0.210796 0.017766 -0.027281 0.003683 0.011455 -0.016338
2.620000 0.017207 0.214516 0.017207 -0.027166 0.003523 0.011640 -0.015707
2.630000 0.018263 0.212457 0.018263 -0.027048 0.003367 0.011901 -0.015418
2.640000 0.017311 0.210693 0.017311 -0.026928 0.003216 0.012050 -0.014766
2.650000 0.017660 0.214559 0.017660 -0.026807 0.003071 0.012215 -0.014231
2.660000 0.018577 0.210054 0.018577 -0.026684 0.002930 0.012446 -0.013993
2.670000 0.017295 0.210636 0.017295 -0.026559 0.002794 0.012539 -0.013289
2.680000 0.017646 0.216589 0.017646 -0.026433 0.002664 0.012655 -0.012721
2.690000 0.018544 0.210017 0.018544 -0.026305 0.002538 0.012840 -0.012456
2.700000 0.017522 0.208059 0.017522 -0.026176 0.002416 0.012915 -0.011827
2.710000 0.018246 0.208535 0.018246 -0.026047 0.002300 0.013047 -0.011458
2.720000 0.018424 0.213788 0.018424 -0.025915 0.002187 0.013183 -0.011141
2.730000 0.018489 0.208024 0.018489 -0.025783 0.002077 0.013311 -0.010836
2.740000 0.017831 0.210558 0.017831 -0.025649 0.001971 0.013367 -0.010304
2.750000 0.018521 0.207562 0.018521 -0.025515 0.001870 0.013480 -0.010022
2.760000 0.018415 0.206299 0.018415 -0.025380 0.001771 0.013573 -0.009700
2.770000 0.018259 0.210717 0.018259 -0.025244 0.001676 0.013643 -0.009328
2.780000 0.017998 0.206666 0.017998 -0.025107 0.001585 0.013683 -0.008879
2.790000 0.018560 0.207662 0.018560 -0.024970 0.001497 0.013770 -0.008639
2.800000 0.018466 0.212069 0.018466 -0.024832 0.001412 0.013840 -0.008368
2.810000 0.018132 0.213373 0.018132 -0.024693 0.001331 0.013874 -0.007991
2.820000 0.018300 0.217498 0.018300 -0.024554 0.001252 0.013921 -0.007690
2.830000 0.019381 0.212358 0.019381 -0.024414 0.001175 0.014059 -0.007763
2.840000 0.018289 0.213526 0.018289 -0.024274 0.001099 0.014086 -0.007446
2.850000 0.018358 0.216604 0.018358 -0.024133 0.001026 0.014117 -0.007173
2.860000 0.019254 0.212510 0.019254 -0.023991 0.000954 0.014226 -0.007216
2.870000 0.018065 0.211910 0.018065 -0.023849 0.000884 0.014218 -0.006847
2.880000 0.018235 0.216977 0.018235 -0.023707 0.000816 0.014227 -0.006568
2.890000 0.019108 0.212482 0.019108 -0.023564 0.000751 0.014313 -0.006604
2.900000 0.017908 0.211792 0.017908 -0.023421 0.000686 0.014284 -0.006232
2.910000 0.018077 0.216824 0.018077 -0.023278 0.000626 0.014275 -0.005955
2.920000 0.018943 0.212322 0.018943 -0.023135 0.000566 0.014344 -0.005996
2.930000 0.017734 0.211626 0.017734 -0.022992 0.000508 0.014299 -0.005630
2.940000 0.017899 0.216647 0.017899 -0.022849 0.000453 0.014275 -0.005362
2.950000 0.018757 0.212143 0.018757 -0.022706 0.000399 0.014330 -0.005413
2.960000 0.017539 0.211437 0.017539 -0.022563 0.000347 0.014272 -0.005058
2.970000 0.017700 0.216450 0.017700 -0.022420 0.000297 0.014235 -0.004803
2.980000 0.018552 0.211941 0.018552 -0.022278 0.000249 0.014280 -0.004868
2.990000 0.017326 0.211227 0.017326 -0.022135 0.000202 0.014210 -0.004526
3.000000 0.017484 0.216235 0.017484 -0.021993 0.000158 0.014164 -0.004285
3.010000 0.018329 0.211719 0.018329 -0.021852 0.000115 0.014198 -0.004364
3.020000 0.017096 0.210999 0.017096 -0.021710 0.000073 0.014120 -0.004036
3.030000 0.017252 0.216001 0.017252 -0.021569 0.000034 0.014065 -0.003810
3.040000 0.018090 0.211480 0.018090 -0.021428 -0.000005 0.014091 -0.003903
3.050000 0.016851 0.210754 0.016851 -0.021288 -0.000042 0.014005 -0.003589
3.060000 0.017004 0.215752 0.017004 -0.021148 -0.000077 0.013943 -0.003377
3.070000 0.017838 0.211225 0.017838 -0.021009 -0.000111 0.013962 -0.003484
3.080000 0.016593 0.210494 0.016593 -0.020869 -0.000145 0.013869 -0.003182
3.090000 0.016743 0.215488 0.016743 -0.020731 -0.000176 0.013800 -0.002983
3.100000 0.017572 0.210957 0.017572 -0.020593 -0.000206 0.013813 -0.003103
3.110000 0.016323 0.210221 0.016323 -0.020455 -0.000235 0.013714 -0.002813
3.120000 0.016470 0.215211 0.016470 -0.020319 -0.000263 0.013640 -0.002626
3.130000 0.017296 0.210677 0.017296 -0.020182 -0.000290 0.013648 -0.002758
3.140000 0.016043 0.209937 0.016043 -0.020046 -0.000316 0.013544 -0.002480
3.150000 0.016187 0.214924 0.016187 -0.019911 -0.000340 0.013465 -0.002304
3.160000 0.017010 0.210386 0.017010 -0.019777 -0.000363 0.013469 -0.002446
3.170000 0.015754 0.209643 0.015754 -0.019642 -0.000386 0.013360 -0.002178
3.180000 0.015896 0.214627 0.015896 -0.019509 -0.000407 0.013277 -0.002012
3.190000 0.016717 0.210086 0.016717 -0.019376 -0.000428 0.013277 -0.002164
3.200000 0.015457 0.209341 0.015457 -0.019244 -0.000448 0.013165 -0.001905
3.210000 0.015598 0.214323 0.015598 -0.019113 -0.000467 0.013078 -0.001748
3.220000 0.016416 0.209780 0.016416 -0.018982 -0.000485 0.013074 -0.001908
3.230000 0.015155 0.209032 0.015155 -0.018852 -0.000503 0.012959 -0.001658
3.240000 0.015294 0.214012 0.015294 -0.018723 -0.000519 0.012869 -0.001509
3.250000 0.016111 0.209467 0.016111 -0.018594 -0.000534 0.012862 -0.001677
3.260000 0.014848 0.208718 0.014848 -0.018466 -0.000550 0.012744 -0.001434
3.270000 0.014986 0.213697 0.014986 -0.018339 -0.000564 0.012652 -0.001293
3.280000 0.015802 0.209150 0.015802 -0.018213 -0.000577 0.012643 -0.001468
3.290000 0.014537 0.208400 0.014537 -0.018087 -0.000591 0.012523 -0.001232
3.300000 0.014674 0.213377 0.014674 -0.017962 -0.000602 0.012428 -0.001097
3.310000 0.015489 0.208830 0.015489 -0.017838 -0.000614 0.012417 -0.001279
3.320000 0.014224 0.208079 0.014224 -0.017715 -0.000626 0.012295 -0.001049
3.330000 0.014360 0.213055 0.014360 -0.017592 -0.000636 0.012199 -0.000920
3.340000 0.015175 0.208507 0.015175 -0.017470 -0.000646 0.012186 -0.001108
3.350000 0.013909 0.207755 0.013909 -0.017349 -0.000656 0.012062 -0.000884
3.360000 0.014045 0.212732 0.014045 -0.017229 -0.000664 0.011965 -0.000760
3.370000 0.014860 0.208183 0.014860 -0.017109 -0.000672 0.011951 -0.000954
3.380000 0.013594 0.207431 0.013594 -0.016990 -0.000681 0.011826 -0.000734
3.390000 0.013729 0.212408 0.013729 -0.016873 -0.000688 0.011727 -0.000616
3.400000 0.014544 0.207859 0.014544 -0.016755 -0.000695 0.011712 -0.000814
3.410000 0.013279 0.207107 0.013279 -0.016639 -0.000702 0.011586 -0.000599
3.420000 0.013413 0.212083 0.013413 -0.016524 -0.000707 0.011487 -0.000485
3.430000 0.014230 0.207534 0.014230 -0.016409 -0.000713 0.011471 -0.000687
3.440000 0.012964 0.206783 0.012964 -0.016295 -0.000719 0.011345 -0.000477
3.450000 0.013099 0.211760 0.013099 -0.016182 -0.000723 0.011245 -0.000367
3.460000 0.013916 0.207211 0.013916 -0.016069 -0.000728 0.011229 -0.000573
3.470000 0.012651 0.206460 0.012651 -0.015958 -0.000732 0.011102 -0.000367
3.480000 0.012786 0.211438 0.012786 -0.015847 -0.000735 0.011002 -0.000260
3.490000 0.013604 0.206890 0.013604 -0.015737 -0.000739 0.010985 -0.000470
3.500000 0.012340 0.206140 0.012340 -0.015628 -0.000743 0.010859 -0.000267
3.510000 0.012475 0.211118 0.012475 -0.015520 -0.000745 0.010758 -0.000164
3.520000 0.013294 0.206570 0.013294 -0.015413 -0.000747 0.010742 -0.000377
3.530000 0.012032 0.205821 0.012032 -0.015306 -0.000750 0.010615 -0.000178
3.540000 0.012167 0.210800 0.012167 -0.015200 -0.000751 0.010515 -0.000077
3.550000 0.012988 0.206254 0.012988 -0.015095 -0.000753 0.010499 -0.000294
3.560000 0.011727 0.205506 0.011727 -0.014991 -0.000755 0.010372 -0.000097
3.570000 0.011862 0.210486 0.011862 -0.014888 -0.000756 0.010272 0.000001
3.580000 0.012684 0.205940 0.012684 -0.014785 -0.000757 0.010257 -0.000218
3.590000 0.011425 0.205194 0.011425 -0.014683 -0.000758 0.010131 -0.000025
3.600000 0.011560 0.210175 0.011560 -0.014582 -0.000758 0.010031 0.000071
3.610000 0.012384 0.205631 0.012384 -0.014482 -0.000758 0.010016 -0.000151
3.620000 0.011126 0.204885 0.011126 -0.014382 -0.000758 0.009890 0.000040
3.630000 0.011262 0.209868 0.011262 -0.014284 -0.000758 0.009791 0.000133
3.640000 0.012088 0.205325 0.012088 -0.014186 -0.000757 0.009777 -0.000090
3.650000 0.010832 0.204581 0.010832 -0.014089 -0.000757 0.009652 0.000098
3.660000 0.010969 0.209565 0.010969 -0.013993 -0.000756 0.009553 0.000189
3.670000 0.011796 0.205023 0.011796 -0.013898 -0.000755 0.009540 -0.000036
3.680000 0.010542 0.204281 0.010542 -0.013803 -0.000754 0.009416 0.000150
3.690000 0.010679 0.209267 0.010679 -0.013709 -0.000752 0.009318 0.000239
3.700000 0.011509 0.204726 0.011509 -0.013616 -0.000751 0.009305 0.000012
3.710000 0.010257 0.203986 0.010257 -0.013524 -0.000750 0.009182 0.000196
3.720000 0.010395 0.208973 0.010395 -0.013432 -0.000748 0.009086 0.000284
3.730000 0.011227 0.204434 0.011227 -0.013341 -0.000746 0.009074 0.000054
3.740000 0.009976 0.203696 0.009976 -0.013251 -0.000744 0.008952 0.000237
3.750000 0.010115 0.208684 0.010115 -0.013162 -0.000742 0.008856 0.000323
3.760000 0.010949 0.204147 0.010949 -0.013074 -0.000740 0.008845 0.000092
3.770000 0.009701 0.203410 0.009701 -0.012986 -0.000738 0.008724 0.000273
3.780000 0.009840 0.208400 0.009840 -0.012899 -0.000734 0.008629 0.000358
3.790000 0.010676 0.203864 0.010676 -0.012813 -0.000732 0.008619 0.000125
3.800000 0.009430 0.203130 0.009430 -0.012727 -0.000730 0.008500 0.000305
3.810000 0.009570 0.208121 0.009570 -0.012643 -0.000726 0.008406 0.000388
3.820000 0.010408 0.203587 0.010408 -0.012559 -0.000724 0.008398 0.000154
3.830000 0.009165 0.202854 0.009165 -0.012476 -0.000721 0.008279 0.000332
3.840000 0.009305 0.207848 0.009305 -0.012393 -0.000717 0.008187 0.000415
3.850000 0.010146 0.203315 0.010146 -0.012311 -0.000714 0.008179 0.000180
3.860000 0.008904 0.202585 0.008904 -0.012230 -0.000712 0.008062 0.000357
3.870000 0.009046 0.207580 0.009046 -0.012150 -0.000708 0.007971 0.000438
3.880000 0.009888 0.203049 0.009888 -0.012070 -0.000704 0.007965 0.000202
3.890000 0.008650 0.202320 0.008650 -0.011991 -0.000702 0.007849 0.000377
3.900000 0.008791 0.207317 0.008791 -0.011913 -0.000697 0.007759 0.000458
3.910000 0.009636 0.202788 0.009636 -0.011836 -0.000694 0.007754 0.000221
3.920000 0.008400 0.202061 0.008400 -0.011759 -0.000691 0.007639 0.000395
3.930000 0.008543 0.207060 0.008543 -0.011683 -0.000686 0.007550 0.000475
3.940000 0.009390 0.202532 0.009390 -0.011607 -0.000683 0.007547 0.000237
3.950000 0.008155 0.201808 0.008155 -0.011532 -0.000680 0.007434 0.000410
3.960000 0.008299 0.206808 0.008299 -0.011459 -0.000675 0.007346 0.000490
3.970000 0.009149 0.202283 0.009149 -0.011385 -0.000671 0.007344 0.000251
3.980000 0.007917 0.201560 0.007917 -0.011312 -0.000668 0.007232 0.000423
3.990000 0.008061 0.206562 0.008061 -0.011240 -0.000663 0.007146 0.000502
4.000000 0.008913 0.202038 0.008913 -0.011169 -0.000659 0.007145 0.000262
4.010000 0.007683 0.201318 0.007683 -0.011098 -0.000656 0.007035 0.000433
4.020000 0.007828 0.206321 0.007828 -0.011028 -0.000651 0.006950 0.000512
4.030000 0.008682 0.201799 0.008682 -0.010959 -0.000647 0.006950 0.000271
4.040000 0.007455 0.201081 0.007455 -0.010890 -0.000644 0.006842 0.000442
4.050000 0.007601 0.206086 0.007601 -0.010822 -0.000639 0.006758 0.000520
4.060000 0.008457 0.201566 0.008457 -0.010754 -0.000635 0.006760 0.000279
4.070000 0.007232 0.200850 0.007232 -0.010687 -0.000631 0.006652 0.000448
4.080000 0.007379 0.205857 0.007379 -0.010621 -0.000626 0.006570 0.000526
4.090000 0.008237 0.201338 0.008237 -0.010555 -0.000622 0.006573 0.000284
4.100000 0.007015 0.200624 0.007015 -0.010490 -0.000619 0.006467 0.000453
4.110000 0.007162 0.205633 0.007162 -0.010426 -0.000614 0.006386 0.000530
4.120000 0.008023 0.201115 0.008023 -0.010362 -0.000609 0.006391 0.000288
4.130000 0.006802 0.200403 0.006802 -0.010298 -0.000606 0.006287 0.000456
4.140000 0.007057 0.203958 0.007057 -0.010236 -0.000601 0.006216 0.000498
4.150000 0.007758 0.204001 0.007758 -0.010174 -0.000597 0.006216 0.000278
4.160000 0.007468 0.203358 0.007468 -0.010112 -0.000595 0.006191 0.000155
4.170000 0.006798 0.201707 0.006798 -0.010050 -0.000593 0.006108 0.000246
4.180000 0.006468 0.202216 0.006468 -0.009990 -0.000590 0.006005 0.000414
4.190000 0.007389 0.203487 0.007389 -0.009930 -0.000586 0.005996 0.000232
4.200000 0.006604 0.202437 0.006604 -0.009870 -0.000584 0.005918 0.000310
4.210000 0.007179 0.201363 0.007179 -0.009811 -0.000581 0.005900 0.000164
4.220000 0.005844 0.202597 0.005844 -0.009753 -0.000578 0.005765 0.000457
4.230000 0.007090 0.202794 0.007090 -0.009695 -0.000574 0.005756 0.000279
4.240000 0.006307 0.201516 0.006307 -0.009638 -0.000571 0.005678 0.000359
4.250000 0.005653 0.200291 0.005653 -0.009582 -0.000566 0.005551 0.000627
4.260000 0.006333 0.201072 0.006333 -0.009527 -0.000560 0.005499 0.000616
4.270000 0.006144 0.199860 0.006144 -0.009472 -0.000554 0.005435 0.000650
4.280000 0.006232 0.200554 0.006232 -0.009418 -0.000547 0.005387 0.000630
4.290000 0.006053 0.199138 0.006053 -0.009364 -0.000541 0.005328 0.000651
4.300000 0.005924 0.204539 0.005924 -0.009311 -0.000534 0.005263 0.000694
4.310000 0.006222 0.199357 0.006222 -0.009259 -0.000527 0.005233 0.000613
4.320000 0.005454 0.202398 0.005454 -0.009207 -0.000520 0.005138 0.000778
4.330000 0.004399 0.196886 0.004399 -0.009157 -0.000510 0.004959 0.001258
4.340000 0.006045 0.201987 0.006045 -0.009107 -0.000498 0.004947 0.001119
4.350000 0.006085 0.202467 0.006085 -0.009058 -0.000488 0.004939 0.000967
4.360000 0.006764 0.201529 0.006764 -0.009008 -0.000480 0.004992 0.000588
4.370000 0.005936 0.201621 0.005936 -0.008958 -0.000475 0.004966 0.000511
4.380000 0.005707 0.200295 0.005707 -0.008909 -0.000470 0.004922 0.000501
4.390000 0.006203 0.203219 0.006203 -0.008859 -0.000465 0.004928 0.000310
4.400000 0.006368 0.201260 0.006368 -0.008810 -0.000464 0.004947 0.000067
4.410000 0.005129 0.193977 0.005129 -0.008761 -0.000462 0.004854 0.000246
4.420000 0.005426 0.195093 0.005426 -0.008713 -0.000459 0.004798 0.000287
4.430000 0.004825 0.193712 0.004825 -0.008665 -0.000455 0.004694 0.000507
4.440000 0.005416 0.199871 0.005416 -0.008619 -0.000450 0.004655 0.000488
4.450000 0.005152 0.202516 0.005152 -0.008572 -0.000445 0.004596 0.000543
4.460000 0.004981 0.199167 0.004981 -0.008527 -0.000439 0.004529 0.000632
4.470000 0.005259 0.199406 0.005259 -0.008482 -0.000433 0.004494 0.000603
4.480000 0.005373 0.201735 0.005373 -0.008437 -0.000427 0.004473 0.000523
4.490000 0.006048 0.200791 0.006048 -0.008392 -0.000424 0.004514 0.000212
4.500000 0.005647 0.198786 0.005647 -0.008347 -0.000422 0.004515 0.000053
4.510000 0.004788 0.200086 0.004788 -0.008302 -0.000421 0.004440 0.000181
4.520000 0.005006 0.200823 0.005006 -0.008258 -0.000419 0.004392 0.000205
4.530000 0.005677 0.200372 0.005677 -0.008214 -0.000418 0.004410 -0.000014
4.540000 0.004358 0.198594 0.004358 -0.008170 -0.000417 0.004308 0.000214
4.550000 0.004717 0.203796 0.004717 -0.008127 -0.000415 0.004249 0.000281
4.560000 0.005627 0.200010 0.005627 -0.008085 -0.000413 0.004278 0.000021
4.570000 0.004300 0.201425 0.004300 -0.008042 -0.000412 0.004186 0.000215
4.580000 0.005438 0.200168 0.005438 -0.008001 -0.000411 0.004205 -0.000008
4.590000 0.004964 0.201043 0.004964 -0.007959 -0.000411 0.004180 -0.000065
4.600000 0.004697 0.198950 0.004697 -0.007917 -0.000412 0.004134 -0.000044
4.610000 0.005138 0.197446 0.005138 -0.007876 -0.000413 0.004132 -0.000190
4.620000 0.004252 0.198438 0.004252 -0.007835 -0.000414 0.004052 -0.000041
4.630000 0.004778 0.201997 0.004778 -0.007794 -0.000415 0.004027 -0.000102
4.640000 0.004536 0.198370 0.004536 -0.007754 -0.000416 0.003984 -0.000093
4.650000 0.003743 0.195670 0.003743 -0.007715 -0.000416 0.003875 0.000163
4.660000 0.004050 0.201353 0.004050 -0.007677 -0.000413 0.003806 0.000270
4.670000 0.003977 0.200690 0.003977 -0.007639 -0.000410 0.003738 0.000374
4.680000 0.004206 0.199361 0.004206 -0.007602 -0.000406 0.003698 0.000374
4.690000 0.003688 0.200005 0.003688 -0.007565 -0.000402 0.003616 0.000532
4.700000 0.003719 0.200390 0.003719 -0.007529 -0.000396 0.003546 0.000647
4.710000 0.004732 0.199410 0.004732 -0.007494 -0.000391 0.003574 0.000397
4.720000 0.003582 0.196032 0.003582 -0.007458 -0.000386 0.003497 0.000545
4.730000 0.003460 0.201793 0.003460 -0.007424 -0.000380 0.003417 0.000703
4.740000 0.004146 0.198064 0.004146 -0.007390 -0.000373 0.003407 0.000601
4.750000 0.004156 0.195993 0.004156 -0.007356 -0.000368 0.003400 0.000495
4.760000 0.003187 0.196000 0.003187 -0.007322 -0.000362 0.003306 0.000710
4.770000 0.004010 0.197043 0.004010 -0.007289 -0.000355 0.003297 0.000615
4.780000 0.004346 0.194336 0.004346 -0.007256 -0.000350 0.003318 0.000406
4.790000 0.003903 0.195040 0.003903 -0.007223 -0.000346 0.003297 0.000356
4.800000 0.003845 0.193839 0.003845 -0.007190 -0.000343 0.003273 0.000317
4.810000 0.003156 0.199761 0.003156 -0.007158 -0.000339 0.003191 0.000500
4.820000 0.003836 0.200789 0.003836 -0.007126 -0.000334 0.003179 0.000424
4.830000 0.004345 0.198111 0.004345 -0.007094 -0.000331 0.003213 0.000174
4.840000 0.003726 0.197313 0.003726 -0.007062 -0.000329 0.003188 0.000146
4.850000 0.003192 0.198409 0.003192 -0.007031 -0.000327 0.003118 0.000287
4.860000 0.003431 0.199010 0.003431 -0.007000 -0.000324 0.003078 0.000319
4.870000 0.004135 0.198826 0.004135 -0.006969 -0.000322 0.003104 0.000101
4.880000 0.003285 0.194772 0.003285 -0.006938 -0.000321 0.003052 0.000177
4.890000 0.003060 0.190491 0.003060 -0.006908 -0.000318 0.002986 0.000308
4.900000 0.002649 0.199480 0.002649 -0.006878 -0.000314 0.002890 0.000550
4.910000 0.003054 0.202236 0.003054 -0.006850 -0.000308 0.002842 0.000618
4.920000 0.003612 0.195865 0.003612 -0.006821 -0.000303 0.002848 0.000482
4.930000 0.003072 0.196256 0.003072 -0.006793 -0.000297 0.002806 0.000531
4.940000 0.003010 0.199934 0.003010 -0.006765 -0.000292 0.002762 0.000585
4.950000 0.003723 0.197695 0.003723 -0.006737 -0.000287 0.002787 0.000386
4.960000 0.002679 0.194964 0.002679 -0.006710 -0.000282 0.002716 0.000546
4.970000 0.003299 0.194954 0.003299 -0.006683 -0.000277 0.002709 0.000473
4.980000 0.003244 0.191999 0.003244 -0.006656 -0.000273 0.002697 0.000416
4.990000 0.002627 0.199664 0.002627 -0.006629 -0.000268 0.002631 0.000563
5.000000 0.002999 0.201063 0.002999 -0.006603 -0.000262 0.002606 0.000559
5.010000 0.003717 0.198415 0.003717 -0.006577 -0.000258 0.002647 0.000308
5.020000 0.002843 0.197713 0.002843 -0.006550 -0.000255 0.002606 0.000368
5.030000 0.002974 0.200699 0.002974 -0.006524 -0.000251 0.002582 0.000368
5.040000 0.003529 0.198109 0.003529 -0.006498 -0.000248 0.002609 0.000174
5.050000 0.003520 0.196587 0.003520 -0.006472 -0.000247 0.002632 -0.000005
5.060000 0.002478 0.193071 0.002478 -0.006446 -0.000246 0.002561 0.000174
5.070000 0.002957 0.198869 0.002957 -0.006421 -0.000245 0.002539 0.000163
5.080000 0.003544 0.194901 0.003544 -0.006395 -0.000244 0.002573 -0.000052
5.090000 0.002953 0.194885 0.002953 -0.006370 -0.000245 0.002550 -0.000056
5.100000 0.002853 0.193684 0.002853 -0.006344 -0.000245 0.002520 -0.000036
5.110000 0.002941 0.199925 0.002941 -0.006319 -0.000246 0.002502 -0.000058
5.120000 0.002779 0.198645 0.002779 -0.006294 -0.000246 0.002472 -0.000034
5.130000 0.002358 0.196608 0.002358 -0.006270 -0.000246 0.002407 0.000117
5.140000 0.002513 0.200826 0.002513 -0.006246 -0.000244 0.002364 0.000190
5.150000 0.003400 0.196221 0.003400 -0.006222 -0.000243 0.002404 -0.000051
5.160000 0.002234 0.196122 0.002234 -0.006199 -0.000243 0.002336 0.000115
5.170000 0.002504 0.199137 0.002504 -0.006175 -0.000242 0.002300 0.000162
5.180000 0.003238 0.197845 0.003238 -0.006152 -0.000241 0.002333 -0.000051
5.190000 0.002822 0.194071 0.002822 -0.006129 -0.000242 0.002325 -0.000111
5.200000 0.002152 0.197104 0.002152 -0.006106 -0.000242 0.002259 0.000049
5.210000 0.002035 0.198596 0.002035 -0.006084 -0.000241 0.002189 0.000220
5.220000 0.002787 0.196564 0.002787 -0.006062 -0.000239 0.002195 0.000112
5.230000 0.001767 0.193807 0.001767 -0.006040 -0.000237 0.002109 0.000347
5.240000 0.002800 0.199564 0.002800 -0.006019 -0.000234 0.002124 0.000203
5.250000 0.002230 0.198696 0.002230 -0.005998 -0.000232 0.002087 0.000256
5.260000 0.003034 0.197963 0.003034 -0.005977 -0.000230 0.002126 0.000026
5.270000 0.002925 0.198115 0.002925 -0.005956 -0.000231 0.002150 -0.000151
5.280000 0.002209 0.193098 0.002209 -0.005934 -0.000232 0.002109 -0.000080
5.290000 0.001347 0.191433 0.001347 -0.005914 -0.000231 0.001995 0.000262
5.300000 0.001695 0.192231 0.001695 -0.005894 -0.000228 0.001925 0.000440
5.310000 0.002176 0.193437 0.002176 -0.005875 -0.000223 0.001905 0.000430
5.320000 0.002238 0.199052 0.002238 -0.005856 -0.000219 0.001893 0.000393
5.330000 0.002326 0.195875 0.002326 -0.005837 -0.000216 0.001891 0.000324
5.340000 0.002910 0.195195 0.002910 -0.005818 -0.000214 0.001940 0.000059
5.350000 0.002400 0.197785 0.002400 -0.005799 -0.000214 0.001939 -0.000014
5.360000 0.001670 0.198774 0.001670 -0.005780 -0.000213 0.001872 0.000156
5.370000 0.002637 0.198142 0.002637 -0.005761 -0.000212 0.001900 -0.000024
5.380000 0.001962 0.195325 0.001962 -0.005742 -0.000212 0.001864 0.000033
5.390000 0.001392 0.191594 0.001392 -0.005724 -0.000211 0.001781 0.000265
5.400000 0.001493 0.192511 0.001493 -0.005706 -0.000207 0.001717 0.000429
5.410000 0.001370 0.194836 0.001370 -0.005689 -0.000202 0.001649 0.000609
5.420000 0.001058 0.191222 0.001058 -0.005673 -0.000194 0.001560 0.000867
5.430000 0.002160 0.193810 0.002160 -0.005658 -0.000186 0.001580 0.000724
5.440000 0.001525 0.196054 0.001525 -0.005642 -0.000179 0.001541 0.000804
5.450000 0.001513 0.191114 0.001513 -0.005627 -0.000170 0.001505 0.000875
5.460000 0.002148 0.197624 0.002148 -0.005612 -0.000162 0.001529 0.000722
5.470000 0.002190 0.195791 0.002190 -0.005596 -0.000156 0.001554 0.000569
5.480000 0.002098 0.197451 0.002098 -0.005581 -0.000151 0.001568 0.000460
5.490000 0.002078 0.198244 0.002078 -0.005565 -0.000147 0.001579 0.000365
5.500000 0.002480 0.197073 0.002480 -0.005549 -0.000144 0.001624 0.000142
5.510000 0.001426 0.193644 0.001426 -0.005533 -0.000142 0.001571 0.000291
5.520000 0.002033 0.189690 0.002033 -0.005517 -0.000139 0.001577 0.000215
5.530000 0.001346 0.195388 0.001346 -0.005502 -0.000137 0.001521 0.000373
5.540000 0.002113 0.192505 0.002113 -0.005486 -0.000133 0.001540 0.000253
5.550000 0.001992 0.193680 0.001992 -0.005471 -0.000131 0.001546 0.000182
5.560000 0.002053 0.198547 0.002053 -0.005455 -0.000130 0.001557 0.000094
5.570000 0.002344 0.195081 0.002344 -0.005440 -0.000130 0.001592 -0.000087
5.580000 0.001362 0.196002 0.001362 -0.005424 -0.000130 0.001536 0.000076
5.590000 0.001732 0.199635 0.001732 -0.005409 -0.000129 0.001520 0.000091
5.600000 0.002616 0.196736 0.002616 -0.005393 -0.000130 0.001583 -0.000196
5.610000 0.001712 0.195317 0.001712 -0.005378 -0.000131 0.001559 -0.000154
5.620000 0.001291 0.191857 0.001291 -0.005362 -0.000132 0.001501 0.000017
5.630000 0.001771 0.197652 0.001771 -0.005347 -0.000132 0.001492 0.000003
5.640000 0.002571 0.194046 0.002571 -0.005332 -0.000133 0.001554 -0.000282
5.650000 0.001375 0.197393 0.001375 -0.005317 -0.000135 0.001504 -0.000142
5.660000 0.001283 0.199651 0.001283 -0.005302 -0.000136 0.001451 0.000007
5.670000 0.002048 0.194526 0.002048 -0.005287 -0.000137 0.001472 -0.000122
5.680000 0.001005 0.191361 0.001005 -0.005273 -0.000137 0.001398 0.000105
5.690000 0.001540 0.192309 0.001540 -0.005259 -0.000136 0.001380 0.000124
5.700000 0.001662 0.192750 0.001662 -0.005245 -0.000134 0.001374 0.000094
5.710000 0.001679 0.198306 0.001679 -0.005232 -0.000134 0.001371 0.000057
5.720000 0.001989 0.194702 0.001989 -0.005218 -0.000134 0.001396 -0.000085
5.730000 0.001453 0.196360 0.001453 -0.005204 -0.000134 0.001370 -0.000038
5.740000 0.001226 0.194016 0.001226 -0.005190 -0.000134 0.001327 0.000074
5.750000 0.001491 0.191403 0.001491 -0.005177 -0.000134 0.001313 0.000079
5.760000 0.001428 0.198153 0.001428 -0.005164 -0.000133 0.001294 0.000100
5.770000 0.001496 0.194855 0.001496 -0.005151 -0.000132 0.001284 0.000091
5.780000 0.001426 0.196510 0.001426 -0.005139 -0.000131 0.001268 0.000101
5.790000 0.001011 0.196623 0.001011 -0.005126 -0.000129 0.001217 0.000243
5.800000 0.001267 0.199124 0.001267 -0.005114 -0.000126 0.001195 0.000280
5.810000 0.001563 0.196606 0.001563 -0.005102 -0.000124 0.001201 0.000210
5.820000 0.001176 0.196222 0.001176 -0.005090 -0.000121 0.001173 0.000272
5.830000 0.001330 0.199124 0.001330 -0.005079 -0.000119 0.001161 0.000272
5.840000 0.002233 0.196470 0.002233 -0.005067 -0.000118 0.001231 -0.000033
5.850000 0.001239 0.195060 0.001239 -0.005054 -0.000118 0.001204 0.000022
5.860000 0.000933 0.191462 0.000933 -0.005043 -0.000117 0.001154 0.000169
5.870000 0.001416 0.197288 0.001416 -0.005031 -0.000115 0.001152 0.000134
5.880000 0.002220 0.193684 0.002220 -0.005019 -0.000115 0.001221 -0.000169
5.890000 0.001027 0.197030 0.001027 -0.005007 -0.000116 0.001177 -0.000046
5.900000 0.000937 0.199289 0.000937 -0.004996 -0.000116 0.001130 0.000089
5.910000 0.001707 0.194169 0.001707 -0.004984 -0.000116 0.001156 -0.000053
5.920000 0.000666 0.191010 0.000666 -0.004973 -0.000115 0.001087 0.000163
5.930000 0.001203 0.191960 0.001203 -0.004962 -0.000114 0.001074 0.000172
5.940000 0.001328 0.192404 0.001328 -0.004952 -0.000112 0.001073 0.000134
5.950000 0.001347 0.197963 0.001347 -0.004941 -0.000111 0.001074 0.000090
5.960000 0.001660 0.194362 0.001660 -0.004930 -0.000111 0.001102 -0.000059
5.970000 0.001127 0.196023 0.001127 -0.004919 -0.000111 0.001080 -0.000017
5.980000 0.000904 0.193682 0.000904 -0.004908 -0.000111 0.001041 0.000090
5.990000 0.001172 0.191072 0.001172 -0.004898 -0.000110 0.001030 0.000091
6.000000 0.001111 0.197825 0.001111 -0.004888 -0.000109 0.001014 0.000109
6.010000 0.001182 0.194530 0.001182 -0.004878 -0.000108 0.001007 0.000096
6.020000 0.001114 0.196188 0.001114 -0.004868 -0.000107 0.000995 0.000103
6.030000 0.000704 0.196304 0.000704 -0.004858 -0.000105 0.000947 0.000243
6.040000 0.000961 0.198807 0.000961 -0.004849 -0.000103 0.000928 0.000278
6.050000 0.001260 0.196293 0.001260 -0.004839 -0.000100 0.000937 0.000205
6.060000 0.000877 0.195912 0.000877 -0.004830 -0.000098 0.000911 0.000266
6.070000 0.001033 0.198816 0.001033 -0.004821 -0.000095 0.000902 0.000264
6.080000 0.001939 0.196164 0.001939 -0.004812 -0.000094 0.000974 -0.000042
6.090000 0.000949 0.194757 0.000949 -0.004802 -0.000094 0.000951 0.000013
6.100000 0.000645 0.191163 0.000645 -0.004793 -0.000093 0.000903 0.000158
6.110000 0.001130 0.196992 0.001130 -0.004784 -0.000092 0.000903 0.000123
6.120000 0.001936 0.193390 0.001936 -0.004774 -0.000092 0.000975 -0.000181
6.130000 0.000746 0.196739 0.000746 -0.004765 -0.000093 0.000933 -0.000058
6.140000 0.000659 0.199001 0.000659 -0.004756 -0.000093 0.000888 0.000076
6.150000 0.001432 0.193883 0.001432 -0.004747 -0.000093 0.000917 -0.000067
6.160000 0.000393 0.190728 0.000393 -0.004738 -0.000093 0.000850 0.000149
6.170000 0.000933 0.191680 0.000933 -0.004729 -0.000091 0.000839 0.000158
6.180000 0.001061 0.192127 0.001061 -0.004721 -0.000090 0.000840 0.000119
6.190000 0.001082 0.197688 0.001082 -0.004713 -0.000089 0.000843 0.000075
6.200000 0.001398 0.194089 0.001398 -0.004704 -0.000089 0.000874 -0.000073
6.210000 0.000867 0.195754 0.000867 -0.004695 -0.000089 0.000854 -0.000032
6.220000 0.000646 0.193415 0.000646 -0.004687 -0.000089 0.000817 0.000075
6.230000 0.000398 0.197245 0.000398 -0.004679 -0.000088 0.000762 0.000249
6.240000 0.001558 0.196262 0.001558 -0.004671 -0.000086 0.000816 0.000014
6.250000 0.001397 0.197142 0.001397 -0.004663 -0.000087 0.000850 -0.000144
6.260000 0.000956 0.196601 0.000956 -0.004654 -0.000088 0.000841 -0.000142
6.270000 0.000488 0.196464 0.000488 -0.004646 -0.000089 0.000791 0.000012
6.280000 0.000526 0.196672 0.000526 -0.004639 -0.000088 0.000750 0.000132
6.290000 0.000570 0.197422 0.000570 -0.004631 -0.000087 0.000718 0.000222
6.300000 0.001597 0.196350 0.001597 -0.004624 -0.000086 0.000780 -0.000045
6.310000 0.000236 0.192764 0.000236 -0.004616 -0.000085 0.000715 0.000169
6.320000 0.000864 0.188526 0.000864 -0.004609 -0.000083 0.000713 0.000147
6.330000 0.000200 0.194271 0.000200 -0.004602 -0.000081 0.000652 0.000345
6.340000 0.000986 0.191371 0.000986 -0.004596 -0.000078 0.000667 0.000257
6.350000 0.000884 0.192502 0.000884 -0.004589 -0.000076 0.000672 0.000211
6.360000 0.000961 0.197413 0.000961 -0.004582 -0.000074 0.000683 0.000143
6.370000 0.001270 0.193969 0.001270 -0.004575 -0.000073 0.000720 -0.000024
6.380000 0.000305 0.194900 0.000305 -0.004568 -0.000073 0.000668 0.000147
6.390000 0.000687 0.198554 0.000687 -0.004562 -0.000071 0.000655 0.000169
6.400000 0.001588 0.195671 0.001588 -0.004555 -0.000071 0.000723 -0.000115
6.410000 0.000173 0.192054 0.000173 -0.004548 -0.000071 0.000659 0.000102
6.420000 0.000809 0.188501 0.000809 -0.004541 -0.000070 0.000658 0.000080
6.430000 0.000058 0.193084 0.000058 -0.004535 -0.000068 0.000590 0.000309
6.440000 0.000810 0.191581 0.000810 -0.004529 -0.000065 0.000597 0.000259
6.450000 0.000287 0.196369 0.000287 -0.004523 -0.000062 0.000556 0.000388
6.460000 0.000990 0.197529 0.000990 -0.004518 -0.000059 0.000582 0.000267
6.470000 0.001330 0.194262 0.001330 -0.004512 -0.000057 0.000636 0.000044
6.480000 0.000283 0.192155 0.000283 -0.004505 -0.000056 0.000591 0.000194
6.490000 0.000998 0.190355 0.000998 -0.004499 -0.000054 0.000614 0.000087
6.500000 0.000892 0.197323 0.000892 -0.004493 -0.000054 0.000625 0.000025
6.510000 0.001203 0.194602 0.001203 -0.004487 -0.000055 0.000662 -0.000136
6.520000 -0.000176 0.194773 -0.000176 -0.004481 -0.000054 0.000573 0.000179
6.530000 0.000692 0.198709 0.000692 -0.004475 -0.000053 0.000571 0.000167
6.540000 0.000167 0.197488 0.000167 -0.004469 -0.000050 0.000522 0.000330
6.550000 0.000353 0.192955 0.000353 -0.004464 -0.000046 0.000496 0.000413
6.560000 0.000949 0.195019 0.000949 -0.004459 -0.000043 0.000525 0.000286
6.570000 0.000612 0.196797 0.000612 -0.004454 -0.000040 0.000521 0.000286
6.580000 0.001627 0.195553 0.001627 -0.004448 -0.000039 0.000608 -0.000053
6.590000 0.000275 0.192580 0.000275 -0.004443 -0.000039 0.000565 0.000095
6.600000 0.000646 0.187827 0.000646 -0.004437 -0.000038 0.000559 0.000101
6.610000 0.000230 0.197092 0.000230 -0.004432 -0.000036 0.000517 0.000245
6.620000 0.000624 0.199776 0.000624 -0.004426 -0.000033 0.000515 0.000240
6.630000 0.001192 0.193324 0.001192 -0.004421 -0.000032 0.000564 0.000046
6.640000 0.000645 0.193747 0.000645 -0.004415 -0.000032 0.000558 0.000055
6.650000 0.000829 0.195947 0.000829 -0.004410 -0.000031 0.000570 0.000000
6.660000 0.001249 0.195440 0.001249 -0.004404 -0.000032 0.000617 -0.000189
6.670000 0.001527 0.196865 0.001527 -0.004397 -0.000035 0.000684 -0.000452
6.680000 0.001450 0.194272 0.001450 -0.004390 -0.000041 0.000737 -0.000664
6.690000 0.000254 0.195002 0.000254 -0.004383 -0.000047 0.000677 -0.000457
6.700000 0.000270 0.197883 0.000270 -0.004377 -0.000050 0.000626 -0.000282
6.710000 0.001326 0.195157 0.001326 -0.004370 -0.000054 0.000674 -0.000482
6.720000 -0.000067 0.192236 -0.000067 -0.004364 -0.000058 0.000593 -0.000199
6.730000 0.000567 0.188165 0.000567 -0.004358 -0.000059 0.000578 -0.000163
6.740000 -0.000178 0.192810 -0.000178 -0.004353 -0.000060 0.000498 0.000114
6.750000 0.000580 0.191359 0.000580 -0.004348 -0.000058 0.000494 0.000106
6.760000 0.000061 0.196141 0.000061 -0.004343 -0.000057 0.000445 0.000269
6.770000 0.000768 0.197304 0.000768 -0.004338 -0.000054 0.000464 0.000177
6.780000 0.001113 0.194041 0.001113 -0.004333 -0.000054 0.000512 -0.000021
6.790000 0.000069 0.191938 0.000069 -0.004329 -0.000053 0.000461 0.000149
6.800000 0.000788 0.190138 0.000788 -0.004324 -0.000052 0.000480 0.000059
6.810000 0.000685 0.197111 0.000685 -0.004319 -0.000052 0.000488 0.000011
6.820000 0.000999 0.194392 0.000999 -0.004314 -0.000052 0.000523 -0.000139
6.830000 -0.000377 0.194567 -0.000377 -0.004309 -0.000052 0.000431 0.000185
6.840000 0.000494 0.198505 0.000494 -0.004305 -0.000050 0.000427 0.000180
6.850000 -0.000027 0.197287 -0.000027 -0.004301 -0.000047 0.000378 0.000349
6.860000 0.000160 0.192757 0.000160 -0.004297 -0.000043 0.000350 0.000435
6.870000 0.000759 0.194824 0.000759 -0.004294 -0.000040 0.000379 0.000312
6.880000 0.000425 0.196603 0.000425 -0.004290 -0.000037 0.000375 0.000314
6.890000 0.001441 0.195362 0.001441 -0.004286 -0.000035 0.000461 -0.000024
6.900000 0.000092 0.192391 0.000092 -0.004281 -0.000035 0.000418 0.000125
6.910000 0.000465 0.187640 0.000465 -0.004277 -0.000033 0.000413 0.000132
6.920000 0.000051 0.196908 0.000051 -0.004273 -0.000031 0.000372 0.000275
6.930000 0.000338 0.198485 0.000338 -0.004270 -0.000028 0.000360 0.000307
6.940000 0.001033 0.193098 0.001033 -0.004266 -0.000026 0.000412 0.000102
6.950000 0.000545 0.194003 0.000545 -0.004262 -0.000025 0.000415 0.000084
6.960000 0.000402 0.196955 0.000402 -0.004257 -0.000024 0.000404 0.000114
6.970000 0.001459 0.194802 0.001459 -0.004253 -0.000025 0.000489 -0.000213
6.980000 0.000059 0.192183 0.000059 -0.004248 -0.000026 0.000439 -0.000037
6.990000 0.001079 0.197896 0.001079 -0.004244 -0.000028 0.000486 -0.000223
7.000000 0.000501 0.196873 0.000501 -0.004239 -0.000030 0.000477 -0.000198
7.010000 0.001305 0.196145 0.001305 -0.004234 -0.000033 0.000540 -0.000445
7.020000 0.000195 0.193335 0.000195 -0.004229 -0.000037 0.000497 -0.000297
7.030000 0.000434 0.197073 0.000434 -0.004224 -0.000039 0.000480 -0.000249
7.040000 0.001181 0.195523 0.001181 -0.004219 -0.000043 0.000532 -0.000457
7.050000 0.000233 0.193531 0.000233 -0.004214 -0.000047 0.000493 -0.000330
7.060000 -0.000110 0.192551 -0.000110 -0.004209 -0.000049 0.000429 -0.000105
7.070000 0.000402 0.196403 0.000402 -0.004205 -0.000050 0.000417 -0.000080
7.080000 0.000024 0.193889 0.000024 -0.004201 -0.000050 0.000373 0.000067
7.090000 0.000191 0.194764 0.000191 -0.004197 -0.000049 0.000349 0.000140
7.100000 0.000703 0.197114 0.000703 -0.004194 -0.000048 0.000373 0.000032
7.110000 0.000897 0.196800 0.000897 -0.004190 -0.000049 0.000412 -0.000131
7.120000 0.000310 0.191115 0.000310 -0.004186 -0.000050 0.000394 -0.000082
7.130000 0.000335 0.191714 0.000335 -0.004182 -0.000050 0.000380 -0.000048
7.140000 0.000001 0.192637 0.000001 -0.004178 -0.000050 0.000338 0.000090
7.150000 0.000400 0.194446 0.000400 -0.004175 -0.000049 0.000336 0.000078
7.160000 0.000405 0.197079 0.000405 -0.004171 -0.000048 0.000335 0.000064
7.170000 0.000810 0.194815 0.000810 -0.004168 -0.000049 0.000370 -0.000085
7.180000 -0.000205 0.191935 -0.000205 -0.004165 -0.000048 0.000311 0.000118
7.190000 0.000412 0.187924 0.000412 -0.004161 -0.000047 0.000314 0.000092
7.200000 -0.000333 0.192667 -0.000333 -0.004159 -0.000045 0.000249 0.000315
7.210000 0.000419 0.191196 0.000419 -0.004156 -0.000042 0.000259 0.000262
7.220000 -0.000103 0.195986 -0.000103 -0.004154 -0.000039 0.000222 0.000388
7.230000 0.000601 0.197123 0.000601 -0.004151 -0.000036 0.000251 0.000265
7.240000 0.000945 0.193856 0.000945 -0.004148 -0.000034 0.000307 0.000041
7.250000 -0.000100 0.191765 -0.000100 -0.004146 -0.000033 0.000264 0.000190
7.260000 0.000616 0.189959 0.000616 -0.004143 -0.000032 0.000290 0.000082
7.270000 0.000512 0.196930 0.000512 -0.004140 -0.000031 0.000303 0.000020
7.280000 0.000826 0.194211 0.000826 -0.004137 -0.000032 0.000343 -0.000141
7.290000 -0.000550 0.194385 -0.000550 -0.004134 -0.000032 0.000256 0.000173
7.300000 0.000319 0.198323 0.000319 -0.004131 -0.000030 0.000256 0.000162
7.310000 -0.000202 0.197105 -0.000202 -0.004129 -0.000028 0.000210 0.000325
7.320000 -0.000014 0.192575 -0.000014 -0.004127 -0.000024 0.000185 0.000407
7.330000 0.000584 0.194642 0.000584 -0.004125 -0.000021 0.000217 0.000281
7.340000 0.000250 0.196422 0.000250 -0.004123 -0.000018 0.000215 0.000281
7.350000 0.001267 0.195180 0.001267 -0.004120 -0.000017 0.000304 -0.000059
7.360000 -0.000081 0.192210 -0.000081 -0.004117 -0.000017 0.000263 0.000089
7.370000 0.000292 0.187460 0.000292 -0.004115 -0.000016 0.000259 0.000096
7.380000 -0.000121 0.196729 -0.000121 -0.004112 -0.000014 0.000220 0.000239
7.390000 0.000166 0.198306 0.000166 -0.004110 -0.000011 0.000210 0.000271
7.400000 0.000863 0.192921 0.000863 -0.004108 -0.000010 0.000263 0.000068
7.410000 0.000374 0.193827 0.000374 -0.004105 -0.000009 0.000267 0.000050
7.420000 0.000232 0.196780 0.000232 -0.004102 -0.000008 0.000258 0.000081
7.430000 0.001291 0.194627 0.001291 -0.004099 -0.000009 0.000344 -0.000244
7.440000 -0.000108 0.192009 -0.000108 -0.004096 -0.000011 0.000296 -0.000067
7.450000 0.000913 0.197723 0.000913 -0.004093 -0.000012 0.000344 -0.000252
7.460000 0.000336 0.196702 0.000336 -0.004090 -0.000015 0.000335 -0.000225
7.470000 0.001141 0.195975 0.001141 -0.004086 -0.000018 0.000399 -0.000471
7.480000 0.000032 0.193166 0.000032 -0.004082 -0.000022 0.000357 -0.000322
7.490000 0.000272 0.196905 0.000272 -0.004079 -0.000025 0.000342 -0.000272
7.500000 0.001020 0.195356 0.001020 -0.004075 -0.000029 0.000394 -0.000480
7.510000 0.000074 0.193366 0.000074 -0.004071 -0.000033 0.000357 -0.000351
7.520000 -0.000268 0.192387 -0.000268 -0.004068 -0.000036 0.000294 -0.000126
7.530000 0.000245 0.196240 0.000245 -0.004065 -0.000037 0.000283 -0.000099
7.540000 -0.000132 0.193727 -0.000132 -0.004062 -0.000037 0.000240 0.000048
7.550000 0.000036 0.194604 0.000036 -0.004060 -0.000036 0.000217 0.000122
7.560000 0.000550 0.196955 0.000550 -0.004058 -0.000035 0.000242 0.000015
7.570000 0.000745 0.196642 0.000745 -0.004055 -0.000036 0.000281 -0.000146
7.580000 0.000159 0.190959 0.000159 -0.004053 -0.000037 0.000265 -0.000097
7.590000 0.000185 0.191559 0.000185 -0.004050 -0.000038 0.000252 -0.000063
7.600000 -0.000147 0.192483 -0.000147 -0.004048 -0.000038 0.000211 0.000076
7.610000 0.000253 0.194294 0.000253 -0.004046 -0.000037 0.000210 0.000065
7.620000 0.000259 0.196928 0.000259 -0.004043 -0.000037 0.000210 0.000051
7.630000 0.000665 0.194665 0.000665 -0.004041 -0.000037 0.000246 -0.000097
7.640000 -0.000348 0.191787 -0.000348 -0.004039 -0.000037 0.000188 0.000107
7.650000 0.000270 0.187778 0.000270 -0.004037 -0.000036 0.000192 0.000081
7.660000 -0.000473 0.192522 -0.000473 -0.004036 -0.000034 0.000129 0.000304
7.670000 0.000279 0.191052 0.000279 -0.004034 -0.000031 0.000140 0.000252
7.680000 -0.000241 0.195843 -0.000241 -0.004033 -0.000028 0.000103 0.000378
7.690000 0.000464 0.196981 0.000464 -0.004032 -0.000025 0.000133 0.000256
7.700000 0.000810 0.193715 0.000810 -0.004030 -0.000023 0.000190 0.000032
7.710000 -0.000235 0.191626 -0.000235 -0.004028 -0.000022 0.000148 0.000180
7.720000 0.000483 0.189821 0.000483 -0.004027 -0.000021 0.000175 0.000073
7.730000 0.000380 0.196793 0.000380 -0.004025 -0.000021 0.000189 0.000011
7.740000 0.000695 0.194076 0.000695 -0.004023 -0.000021 0.000230 -0.000150
7.750000 -0.000680 0.194250 -0.000680 -0.004021 -0.000021 0.000144 0.000165
7.760000 0.000191 0.198190 0.000191 -0.004020 -0.000020 0.000145 0.000153
7.770000 -0.000329 0.196973 -0.000329 -0.004018 -0.000017 0.000100 0.000316
7.780000 -0.000140 0.192444 -0.000140 -0.004017 -0.000014 0.000077 0.000399
7.790000 0.000459 0.194513 0.000459 -0.004017 -0.000010 0.000109 0.000273
7.800000 0.000126 0.196293 0.000126 -0.004015 -0.000008 0.000108 0.000273
7.810000 0.001144 0.195053 0.001144 -0.004014 -0.000007 0.000198 -0.000066
7.820000 -0.000202 0.192084 -0.000202 -0.004012 -0.000007 0.000158 0.000082
7.830000 0.000171 0.187336 0.000171 -0.004011 -0.000006 0.000155 0.000089
7.840000 -0.000240 0.196605 -0.000240 -0.004009 -0.000004 0.000117 0.000232
7.850000 0.000048 0.198184 0.000048 -0.004008 -0.000002 0.000108 0.000264
7.860000 0.000746 0.192799 0.000746 -0.004007 0.000000 0.000162 0.000060
7.870000 0.000258 0.193707 0.000258 -0.004005 0.000001 0.000167 0.000043
7.880000 0.000118 0.196661 0.000118 -0.004004 0.000001 0.000158 0.000074
7.890000 0.001177 0.194509 0.001177 -0.004001 0.000000 0.000245 -0.000251
7.900000 -0.000220 0.191892 -0.000220 -0.003999 -0.000001 0.000198 -0.000075
7.910000 0.000801 0.197608 0.000801 -0.003997 -0.000003 0.000247 -0.000259
7.920000 0.000225 0.196587 0.000225 -0.003995 -0.000006 0.000239 -0.000232
7.930000 0.001032 0.195861 0.001032 -0.003992 -0.000009 0.000304 -0.000478
7.940000 -0.000077 0.193053 -0.000077 -0.003989 -0.000013 0.000263 -0.000329
7.950000 0.000165 0.196794 0.000165 -0.003986 -0.000016 0.000249 -0.000279
7.960000 0.000914 0.195246 0.000914 -0.003984 -0.000020 0.000302 -0.000487
7.970000 -0.000031 0.193257 -0.000031 -0.003981 -0.000024 0.000266 -0.000358
7.980000 -0.000372 0.192279 -0.000372 -0.003979 -0.000027 0.000203 -0.000133
7.990000 0.000142 0.196133 0.000142 -0.003977 -0.000028 0.000193 -0.000106
8.000000 -0.000234 0.193621 -0.000234 -0.003975 -0.000028 0.000151 0.000042
8.010000 -0.000066 0.194499 -0.000066 -0.003973 -0.000027 0.000129 0.000115
8.020000 0.000036 0.196851 0.000036 -0.003972 -0.000026 0.000118 0.000146
8.030000 0.000014 0.191028 0.000014 -0.003971 -0.000024 0.000106 0.000181
8.040000 0.000212 0.186809 0.000212 -0.003970 -0.000023 0.000114 0.000145
8.050000 0.000226 0.192393 0.000226 -0.003969 -0.000022 0.000121 0.000108
8.060000 -0.000325 0.195108 -0.000325 -0.003968 -0.000020 0.000079 0.000259
8.070000 -0.000115 0.195928 -0.000115 -0.003967 -0.000017 0.000060 0.000322
8.080000 0.000039 0.198867 0.000039 -0.003967 -0.000014 0.000057 0.000329
8.090000 0.000781 0.196463 0.000781 -0.003966 -0.000011 0.000120 0.000087
8.100000 0.000074 0.195115 0.000074 -0.003964 -0.000010 0.000114 0.000109
8.110000 -0.000005 0.198079 -0.000005 -0.003963 -0.000009 0.000100 0.000154
8.120000 0.000290 0.196461 0.000290 -0.003962 -0.000008 0.000115 0.000096
8.130000 -0.000087 0.193557 -0.000087 -0.003961 -0.000007 0.000095 0.000171
8.140000 0.000346 0.196026 0.000346 -0.003960 -0.000005 0.000115 0.000092
8.150000 0.000305 0.194827 0.000305 -0.003959 -0.000005 0.000129 0.000037
8.160000 0.000199 0.194475 0.000199 -0.003958 -0.000004 0.000132 0.000023
8.170000 -0.000024 0.197942 -0.000024 -0.003956 -0.000004 0.000115 0.000085
8.180000 0.000306 0.191547 0.000306 -0.003955 -0.000003 0.000130 0.000030
8.190000 0.000267 0.187241 0.000267 -0.003954 -0.000003 0.000139 -0.000005
8.200000 0.000056 0.196846 0.000056 -0.003953 -0.000003 0.000128 0.000033
8.210000 -0.000081 0.197790 -0.000081 -0.003951 -0.000002 0.000107 0.000113
8.220000 0.000535 0.192657 0.000535 -0.003950 -0.000002 0.000142 -0.000021
8.230000 0.000181 0.195240 0.000181 -0.003949 -0.000002 0.000142 -0.000022
8.240000 0.000322 0.196421 0.000322 -0.003947 -0.000002 0.000155 -0.000071
8.250000 0.000997 0.195452 0.000997 -0.003945 -0.000005 0.000226 -0.000339
8.260000 -0.000355 0.191445 -0.000355 -0.003943 -0.000007 0.000169 -0.000128
8.270000 0.000268 0.187827 0.000268 -0.003942 -0.000008 0.000174 -0.000149
8.280000 -0.000485 0.192549 -0.000485 -0.003940 -0.000009 0.000112 0.000083
8.290000 0.000260 0.190969 0.000260 -0.003939 -0.000008 0.000122 0.000040
8.300000 -0.000265 0.195809 -0.000265 -0.003938 -0.000007 0.000085 0.000176
8.310000 0.000435 0.196966 0.000435 -0.003937 -0.000006 0.000114 0.000065
8.320000 0.000776 0.193682 0.000776 -0.003936 -0.000006 0.000171 -0.000148
8.330000 -0.000273 0.191581 -0.000273 -0.003934 -0.000007 0.000127 0.000012
8.340000 0.000441 0.189776 0.000441 -0.003933 -0.000007 0.000152 -0.000084
8.350000 0.000334 0.196746 0.000334 -0.003931 -0.000008 0.000165 -0.000134
8.360000 0.000646 0.194024 0.000646 -0.003929 -0.000010 0.000204 -0.000284
8.370000 -0.000732 0.194195 -0.000732 -0.003928 -0.000011 0.000116 0.000041
8.380000 0.000136 0.198133 0.000136 -0.003926 -0.000011 0.000115 0.000040
8.390000 -0.000386 0.196914 -0.000386 -0.003926 -0.000010 0.000068 0.000213
8.400000 -0.000199 0.192382 -0.000199 -0.003925 -0.000007 0.000043 0.000304
8.410000 0.000398 0.194449 0.000398 -0.003924 -0.000005 0.000074 0.000187
8.420000 0.000063 0.196228 0.000063 -0.003924 -0.000003 0.000071 0.000196
8.430000 0.001080 0.194986 0.001080 -0.003923 -0.000003 0.000159 -0.000135
8.440000 -0.000268 0.192016 -0.000268 -0.003921 -0.000003 0.000117 0.000020
8.450000 0.000104 0.187266 0.000104 -0.003920 -0.000003 0.000113 0.000033
8.460000 -0.000308 0.196535 -0.000308 -0.003919 -0.000002 0.000073 0.000183
8.470000 -0.000021 0.198112 -0.000021 -0.003918 0.000000 0.000063 0.000221
8.480000 0.000676 0.192726 0.000676 -0.003918 0.000001 0.000116 0.000022
8.490000 0.000186 0.193633 0.000186 -0.003916 0.000002 0.000120 0.000010
8.500000 0.000046 0.196586 0.000046 -0.003915 0.000002 0.000110 0.000046
8.510000 0.001104 0.194434 0.001104 -0.003914 0.000001 0.000196 -0.000275
8.520000 -0.000293 0.191816 -0.000293 -0.003912 -0.000001 0.000148 -0.000095
8.530000 0.000728 0.197532 0.000728 -0.003910 -0.000003 0.000196 -0.000276
8.540000 0.000151 0.196511 0.000151 -0.003908 -0.000006 0.000187 -0.000246
8.550000 0.000958 0.195784 0.000958 -0.003906 -0.000009 0.000252 -0.000489
8.560000 -0.000151 0.192976 -0.000151 -0.003904 -0.000013 0.000210 -0.000337
8.570000 0.000090 0.196717 0.000090 -0.003902 -0.000017 0.000195 -0.000285
8.580000 0.000839 0.195168 0.000839 -0.003900 -0.000020 0.000248 -0.000491
8.590000 -0.000107 0.193179 -0.000107 -0.003897 -0.000025 0.000211 -0.000360
8.600000 -0.000448 0.192201 -0.000448 -0.003895 -0.000027 0.000148 -0.000133
8.610000 0.000066 0.196056 0.000066 -0.003894 -0.000028 0.000137 -0.000105
8.620000 -0.000309 0.193543 -0.000309 -0.003893 -0.000029 0.000095 0.000044
8.630000 -0.000141 0.194421 -0.000141 -0.003892 -0.000028 0.000072 0.000119
8.640000 -0.000040 0.196773 -0.000040 -0.003891 -0.000026 0.000061 0.000151
8.650000 -0.000061 0.190951 -0.000061 -0.003891 -0.000025 0.000049 0.000186
8.660000 0.000137 0.186732 0.000137 -0.003890 -0.000023 0.000056 0.000151
8.670000 0.000151 0.192316 0.000151 -0.003890 -0.000022 0.000063 0.000115
8.680000 -0.000400 0.195030 -0.000400 -0.003889 -0.000020 0.000021 0.000266
8.690000 -0.000190 0.195850 -0.000190 -0.003889 -0.000017 0.000002 0.000330
8.700000 -0.000036 0.198790 -0.000036 -0.003889 -0.000013 -0.000001 0.000337
8.710000 0.000706 0.196386 0.000706 -0.003889 -0.000011 0.000062 0.000096
8.720000 -0.000001 0.195038 -0.000001 -0.003888 -0.000010 0.000055 0.000118
8.730000 -0.000079 0.198003 -0.000079 -0.003888 -0.000009 0.000042 0.000163
8.740000 0.000216 0.196385 0.000216 -0.003887 -0.000007 0.000057 0.000105
8.750000 -0.000160 0.193481 -0.000160 -0.003887 -0.000006 0.000036 0.000180
8.760000 0.000273 0.195951 0.000273 -0.003886 -0.000005 0.000056 0.000102
8.770000 0.000232 0.194752 0.000232 -0.003886 -0.000004 0.000071 0.000046
8.780000 0.000126 0.194400 0.000126 -0.003885 -0.000004 0.000074 0.000033
8.790000 -0.000096 0.197867 -0.000096 -0.003884 -0.000003 0.000057 0.000095
8.800000 0.000234 0.191473 0.000234 -0.003884 -0.000002 0.000072 0.000040
8.810000 0.000196 0.187167 0.000196 -0.003883 -0.000002 0.000081 0.000004
8.820000 -0.000015 0.196773 -0.000015 -0.003882 -0.000002 0.000071 0.000042
8.830000 -0.000152 0.197717 -0.000152 -0.003882 -0.000001 0.000049 0.000122
8.840000 0.000464 0.192584 0.000464 -0.003881 -0.000000 0.000085 -0.000013
8.850000 0.000111 0.195167 0.000111 -0.003880 -0.000001 0.000085 -0.000014
8.860000 0.000252 0.196348 0.000252 -0.003879 -0.000001 0.000098 -0.000062
8.870000 0.000927 0.195380 0.000927 -0.003878 -0.000003 0.000170 -0.000331
8.880000 -0.000424 0.191373 -0.000424 -0.003876 -0.000005 0.000113 -0.000120
8.890000 0.000200 0.187756 0.000200 -0.003875 -0.000006 0.000118 -0.000141
8.900000 -0.000553 0.192478 -0.000553 -0.003874 -0.000007 0.000056 0.000090
8.910000 0.000192 0.190899 0.000192 -0.003874 -0.000006 0.000067 0.000047
8.920000 -0.000332 0.195739 -0.000332 -0.003873 -0.000005 0.000030 0.000183
8.930000 0.000368 0.196896 0.000368 -0.003873 -0.000004 0.000059 0.000071
8.940000 0.000709 0.193613 0.000709 -0.003872 -0.000004 0.000116 -0.000142
8.950000 -0.000339 0.191513 -0.000339 -0.003871 -0.000005 0.000072 0.000018
8.960000 0.000375 0.189708 0.000375 -0.003870 -0.000005 0.000098 -0.000078
8.970000 0.000268 0.196679 0.000268 -0.003869 -0.000006 0.000111 -0.000129
8.980000 0.000581 0.193956 0.000581 -0.003868 -0.000008 0.000150 -0.000279
8.990000 -0.000796 0.194129 -0.000796 -0.003867 -0.000009 0.000062 0.000047
9.000000 0.000072 0.198067 0.000072 -0.003866 -0.000009 0.000062 0.000045
9.010000 -0.000449 0.196848 -0.000449 -0.003866 -0.000007 0.000015 0.000218
9.020000 -0.000263 0.192317 -0.000263 -0.003866 -0.000005 -0.000010 0.000309
9.030000 0.000335 0.194384 0.000335 -0.003866 -0.000002 0.000021 0.000192
9.040000 0.000000 0.196163 0.000000 -0.003865 -0.000000 0.000019 0.000200
9.050000 0.001018 0.194922 0.001018 -0.003865 0.000000 0.000107 -0.000131
9.060000 -0.000329 0.191952 -0.000329 -0.003864 -0.000000 0.000066 0.000024
9.070000 0.000043 0.187203 0.000043 -0.003863 -0.000000 0.000062 0.000037
9.080000 -0.000369 0.196472 -0.000369 -0.003863 0.000001 0.000022 0.000186
9.090000 -0.000081 0.198050 -0.000081 -0.003863 0.000003 0.000013 0.000224
9.100000 0.000616 0.192664 0.000616 -0.003862 0.000004 0.000066 0.000025
9.110000 0.000127 0.193572 0.000127 -0.003862 0.000004 0.000070 0.000013
9.120000 -0.000013 0.196525 -0.000013 -0.003861 0.000005 0.000061 0.000049
9.130000 0.001046 0.194373 0.001046 -0.003860 0.000004 0.000147 -0.000273
9.140000 -0.000351 0.191756 -0.000351 -0.003859 0.000002 0.000099 -0.000092
9.150000 0.000670 0.197472 0.000670 -0.003858 -0.000000 0.000147 -0.000274
9.160000 0.000094 0.196451 0.000094 -0.003856 -0.000003 0.000139 -0.000243
9.170000 0.000901 0.195725 0.000901 -0.003854 -0.000006 0.000204 -0.000487
9.180000 -0.000207 0.192918 -0.000207 -0.003853 -0.000010 0.000162 -0.000335
9.190000 0.000034 0.196659 0.000034 -0.003851 -0.000013 0.000147 -0.000283
9.200000 0.000783 0.195111 0.000783 -0.003849 -0.000017 0.000201 -0.000489
9.210000 -0.000162 0.193122 -0.000162 -0.003847 -0.000022 0.000164 -0.000359
9.220000 -0.000502 0.192145 -0.000502 -0.003846 -0.000024 0.000101 -0.000132
9.230000 0.000012 0.196000 0.000012 -0.003845 -0.000025 0.000091 -0.000104
9.240000 -0.000363 0.193487 -0.000363 -0.003844 -0.000025 0.000049 0.000045
9.250000 -0.000195 0.194366 -0.000195 -0.003844 -0.000025 0.000027 0.000120
9.260000 -0.000092 0.196718 -0.000092 -0.003844 -0.000023 0.000016 0.000152
9.270000 -0.000113 0.190896 -0.000113 -0.003844 -0.000022 0.000004 0.000187
9.280000 0.000085 0.186678 0.000085 -0.003844 -0.000020 0.000012 0.000152
9.290000 0.000099 0.192263 0.000099 -0.003844 -0.000019 0.000020 0.000115
9.300000 -0.000451 0.194977 -0.000451 -0.003844 -0.000017 -0.000022 0.000267
9.310000 -0.000240 0.195798 -0.000240 -0.003844 -0.000014 -0.000041 0.000331
9.320000 -0.000086 0.198738 -0.000086 -0.003844 -0.000010 -0.000044 0.000337
9.330000 0.000656 0.196335 0.000656 -0.003844 -0.000008 0.000020 0.000096
9.340000 -0.000050 0.194987 -0.000050 -0.003844 -0.000007 0.000013 0.000118
9.350000 -0.000128 0.197952 -0.000128 -0.003844 -0.000006 0.000000 0.000163
9.360000 0.000167 0.196334 0.000167 -0.003844 -0.000004 0.000015 0.000105
9.370000 -0.000208 0.193431 -0.000208 -0.003844 -0.000003 -0.000005 0.000180
9.380000 0.000225 0.195901 0.000225 -0.003844 -0.000001 0.000016 0.000102
9.390000 0.000185 0.194703 0.000185 -0.003844 -0.000001 0.000030 0.000046
9.400000 0.000079 0.194351 0.000079 -0.003843 -0.000000 0.000034 0.000032
9.410000 -0.000143 0.197819 -0.000143 -0.003843 0.000000 0.000017 0.000094
9.420000 0.000188 0.191425 0.000188 -0.003843 0.000001 0.000032 0.000039
9.430000 0.000150 0.187120 0.000150 -0.003843 0.000001 0.000042 0.000003
9.440000 -0.000060 0.196726 -0.000060 -0.003842 0.000001 0.000032 0.000041
9.450000 -0.000196 0.197670 -0.000196 -0.003842 0.000002 0.000011 0.000121
9.460000 0.000419 0.192538 0.000419 -0.003842 0.000003 0.000047 -0.000013
9.470000 0.000067 0.195122 0.000067 -0.003841 0.000003 0.000047 -0.000015
9.480000 0.000209 0.196303 0.000209 -0.003841 0.000002 0.000061 -0.000063
9.490000 0.000884 0.195335 0.000884 -0.003840 0.000000 0.000132 -0.000332
9.500000 -0.000467 0.191329 -0.000467 -0.003839 -0.000002 0.000076 -0.000121
9.510000 0.000157 0.187712 0.000157 -0.003838 -0.000003 0.000081 -0.000142
9.520000 -0.000595 0.192435 -0.000595 -0.003837 -0.000004 0.000019 0.000089
9.530000 0.000150 0.190855 0.000150 -0.003837 -0.000003 0.000031 0.000046
9.540000 -0.000373 0.195696 -0.000373 -0.003837 -0.000002 -0.000006 0.000182
9.550000 0.000327 0.196854 0.000327 -0.003837 -0.000001 0.000024 0.000070
9.560000 0.000669 0.193570 0.000669 -0.003836 -0.000001 0.000081 -0.000143
9.570000 -0.000380 0.191471 -0.000380 -0.003836 -0.000002 0.000038 0.000017
9.580000 0.000335 0.189667 0.000335 -0.003835 -0.000002 0.000063 -0.000080
9.590000 0.000228 0.196638 0.000228 -0.003835 -0.000003 0.000077 -0.000130
9.600000 0.000541 0.193915 0.000541 -0.003834 -0.000005 0.000116 -0.000280
9.610000 -0.000835 0.194088 -0.000835 -0.003833 -0.000006 0.000029 0.000045
9.620000 0.000033 0.198027 0.000033 -0.003833 -0.000006 0.000029 0.000044
9.630000 -0.000488 0.196808 -0.000488 -0.003833 -0.000004 -0.000018 0.000216
9.640000 -0.000300 0.192278 -0.000300 -0.003833 -0.000002 -0.000042 0.000308
9.650000 0.000297 0.194346 0.000297 -0.003833 0.000001 -0.000011 0.000190
9.660000 -0.000037 0.196125 -0.000037 -0.003833 0.000003 -0.000013 0.000199
9.670000 0.000981 0.194884 0.000981 -0.003833 0.000003 0.000075 -0.000133
9.680000 -0.000366 0.191914 -0.000366 -0.003832 0.000002 0.000034 0.000022
9.690000 0.000007 0.187166 0.000007 -0.003832 0.000003 0.000031 0.000035
9.700000 -0.000405 0.196435 -0.000405 -0.003832 0.000004 -0.000008 0.000185
9.710000 -0.000117 0.198013 -0.000117 -0.003832 0.000006 -0.000018 0.000222
9.720000 0.000581 0.192628 0.000581 -0.003832 0.000007 0.000036 0.000024
9.730000 0.000092 0.193536 0.000092 -0.003832 0.000007 0.000040 0.000011
9.740000 -0.000048 0.196490 -0.000048 -0.003831 0.000008 0.000031 0.000047
9.750000 0.001012 0.194338 0.001012 -0.003831 0.000006 0.000117 -0.000274
9.760000 -0.000385 0.191721 -0.000385 -0.003830 0.000005 0.000070 -0.000094
9.770000 0.000636 0.197438 0.000636 -0.003829 0.000003 0.000118 -0.000275
9.780000 0.000060 0.196417 0.000060 -0.003828 0.000000 0.000110 -0.000245
9.790000 0.000868 0.195691 0.000868 -0.003826 -0.000004 0.000175 -0.000489
9.800000 -0.000240 0.192884 -0.000240 -0.003825 -0.000008 0.000134 -0.000337
9.810000 0.000002 0.196626 0.000002 -0.003823 -0.000011 0.000119 -0.000285
9.820000 0.000751 0.195078 0.000751 -0.003822 -0.000015 0.000173 -0.000491
9.830000 -0.000981 0.193089 -0.000981 -0.003821 -0.000018 0.000067 -0.000097
9.840000 -0.000377 0.189854 -0.000377 -0.003820 -0.000018 0.000026 0.000049
9.850000 0.000108