0.000000 0.000000 176.669777 0.000000 0.961950 0.000000 -nan 0.006223
0.010000 171.700588 171.700588 176.548343 1.435417 2.606212 0.014597 0.145915
0.020000 168.377787 168.377787 169.355468 1.483292 2.603549 0.013210 0.132124
0.030000 165.143257 165.143257 165.860545 1.504338 2.604183 0.012933 0.129354
0.040000 162.076456 162.076456 162.598688 1.512487 2.604728 0.012918 0.129210
0.050000 159.179886 159.179886 162.140516 1.510400 2.600373 0.012794 0.127978
0.060000 156.705777 156.705777 168.690484 1.512754 2.593382 0.012873 0.128752
0.070000 154.805075 154.805075 158.573086 1.518780 2.599503 0.012889 0.128916
0.080000 152.068491 152.068491 164.443828 1.515841 2.599627 0.012819 0.128212
0.090000 148.539524 148.539524 152.430753 1.518736 2.605933 0.012897 0.128999
0.100000 145.956616 145.956616 153.690080 1.520881 2.604964 0.012897 0.128999
0.110000 143.460875 143.460875 154.154067 1.521977 2.601574 0.012990 0.129937
0.120000 140.716800 140.716800 149.965153 1.519674 2.593164 0.012797 0.128007
0.130000 138.273945 138.273945 181.700598 1.518773 2.609012 0.012840 0.128422
0.140000 135.059826 135.059826 184.952786 1.516715 2.605644 0.012947 0.129521
0.150000 133.168624 133.168624 139.005113 1.518131 2.602447 0.012911 0.129134
0.160000 130.722614 130.722614 194.206891 1.519896 2.592864 0.012736 0.127428
0.170000 128.268926 128.268926 166.402656 1.519903 2.603965 0.012876 0.128796
0.180000 125.693726 125.693726 134.126765 1.519441 2.602562 0.012978 0.129826
0.190000 123.452419 123.452419 142.791673 1.521611 2.608624 0.012797 0.127994
0.200000 121.043802 121.043802 187.749873 1.526942 2.598163 0.012800 0.128035
0.210000 118.735758 118.735758 186.288132 1.522669 2.596293 0.012825 0.128264
0.220000 116.507133 116.507133 163.518571 1.524933 2.602190 0.012858 0.128605
0.230000 114.244401 114.244401 200.715776 1.521025 2.597629 0.012892 0.128943
0.240000 112.110672 112.110672 117.876614 1.520348 2.604602 0.012858 0.128616
0.250000 109.847415 109.847415 162.396278 1.514109 2.607162 0.012868 0.128741
0.260000 107.429238 107.429238 266.603707 1.515231 2.604644 0.012844 0.128470
0.270000 104.929243 104.929243 160.772117 1.527013 2.598070 0.012828 0.128309
0.280000 102.874480 102.874480 162.718070 1.521257 2.595268 0.012936 0.129406
0.290000 101.114526 101.114526 132.979775 1.516674 2.593266 0.012921 0.129231
0.300000 98.904837 98.904837 217.336657 1.519017 2.607397 0.012785 0.127874
0.310000 96.621511 96.621511 198.809891 1.518565 2.595187 0.012788 0.127906
0.320000 94.079222 94.079222 136.818217 1.515220 2.602503 0.013121 0.131252
0.330000 91.650862 91.650862 120.353654 1.517517 2.601963 0.012882 0.128833
0.340000 88.972487 88.972487 159.322774 1.516247 2.582428 0.012813 0.128160
0.350000 86.821216 86.821216 155.083143 1.514389 2.607297 0.012885 0.128886
0.360000 83.666769 83.666769 130.601179 1.514039 2.602448 0.013030 0.130345
0.370000 80.927557 80.927557 161.645143 1.512104 2.588989 0.012912 0.129151
0.380000 81.474163 81.474163 141.061065 1.517073 2.584845 0.012811 0.128148
0.390000 80.181611 80.181611 112.730616 1.516253 2.591350 0.012850 0.128536
0.400000 77.510611 77.510611 127.442766 1.509568 2.585686 0.013179 0.131830
0.410000 76.145392 76.145392 170.645951 1.514879 2.582801 0.012924 0.129265
0.420000 76.712160 76.712160 142.451698 1.519460 2.579653 0.012848 0.128533
0.430000 78.514475 78.514475 123.704525 1.523776 2.586962 0.012809 0.128120
0.440000 76.179690 76.179690 161.585776 1.524466 2.582353 0.012904 0.129113
0.450000 73.161535 73.161535 163.628858 1.526178 2.587640 0.012841 0.128444
0.460000 70.262929 70.262929 143.748461 1.525972 2.588680 0.012945 0.129472
0.470000 67.495550 67.495550 153.122060 1.527279 2.588318 0.012925 0.129277
0.480000 64.818798 64.818798 147.518743 1.526473 2.580965 0.012921 0.129229
0.490000 66.514392 66.514392 161.795967 1.527026 2.578556 0.012710 0.127134
0.500000 66.408236 66.408236 160.486359 1.527810 2.573516 0.012863 0.128665
0.510000 75.345952 75.345952 126.859734 1.528270 2.578870 0.012966 0.129692
0.520000 75.578314 75.578314 123.142444 1.528251 2.569805 0.012995 0.129967
0.530000 80.066338 80.066338 141.211141 1.527505 2.566484 0.012988 0.129903
0.540000 85.715911 85.715911 183.090023 1.526461 2.632015 0.012821 0.128233
0.550000 108.267374 108.267374 145.583913 1.524070 2.572191 0.013077 0.130808
0.560000 112.970993 112.970993 140.465983 1.523501 2.571325 0.013187 0.131913
0.570000 117.268356 117.268356 139.823831 1.522544 2.570680 0.013081 0.130847
0.580000 120.813788 120.813788 134.352712 1.521176 2.569626 0.012995 0.129994
0.590000 123.341071 123.341071 127.202166 1.518936 2.567243 0.013123 0.131308
0.600000 125.723606 125.723606 126.192219 1.513861 2.566726 0.013008 0.130106
0.610000 123.905856 123.911979 123.905856 1.396538 2.567556 0.012899 0.129018
0.620000 116.212639 117.045623 116.212639 0.683910 0.861951 0.013065 0.130685
0.630000 114.860607 114.935845 114.860607 0.815743 0.824604 0.012966 0.129724
0.640000 113.512849 113.553535 113.512849 0.834628 0.845812 0.012923 0.129252
0.650000 112.217612 112.260936 112.217612 0.838992 0.853995 0.012867 0.128689
0.660000 110.979069 111.018329 110.979069 0.847552 0.860860 0.012999 0.130046
0.670000 109.789617 109.831368 109.789617 0.840965 0.869946 0.013217 0.132208
0.680000 108.645491 108.691575 108.645491 0.859355 0.866780 0.012956 0.129564
0.690000 107.546327 107.586018 107.546327 0.846202 0.870955 0.012995 0.129991
0.700000 106.489335 106.529654 106.489335 0.843670 0.873784 0.012988 0.129911
0.710000 105.472545 105.517935 105.472545 0.840372 0.871108 0.013025 0.130296
0.720000 104.489465 104.531984 104.489465 0.834828 0.863051 0.013112 0.131178
0.730000 103.533657 103.572189 103.533657 0.845360 0.868503 0.013155 0.131594
0.740000 102.605650 102.645439 102.605650 0.850657 0.865459 0.013084 0.130879
0.750000 101.695410 101.735074 101.695410 0.876189 0.858252 0.012854 0.128564
0.760000 100.795281 100.834161 100.795281 0.891848 0.860184 0.012962 0.129682
0.770000 99.897733 99.927923 99.897733 0.851133 0.846146 0.013060 0.130618
0.780000 98.991985 99.030090 98.991985 0.857921 0.850410 0.013067 0.130670
0.790000 98.071968 98.109123 98.071968 0.848922 0.844241 0.013209 0.132124
0.800000 97.128202 97.166154 97.128202 0.859259 0.840889 0.013015 0.130173
0.810000 96.151851 96.184974 96.151851 0.841193 0.836342 0.012925 0.129271
0.820000 95.132660 95.168029 95.132660 0.835415 0.851988 0.013004 0.130117
0.830000 94.064828 94.094258 94.064828 0.799563 0.841260 0.013058 0.130600
0.840000 92.946774 92.982142 92.946774 0.777029 0.848613 0.012985 0.129871
0.850000 91.773268 91.821575 91.773268 0.784947 0.839380 0.013021 0.130261
0.860000 90.542569 90.604754 90.542569 0.864273 0.849006 0.012977 0.129815
0.870000 89.247868 89.306102 89.247868 0.841949 0.834260 0.012930 0.129327
0.880000 87.877177 87.936728 87.877177 0.878107 0.845983 0.013101 0.131035
0.890000 86.442143 86.504858 86.442143 0.891360 0.841284 0.013169 0.131727
0.900000 84.940585 84.992991 84.940585 0.868969 0.840281 0.013005 0.130086
0.910000 83.369512 83.428274 83.369512 0.877529 0.849723 0.013038 0.130408
0.920000 81.734159 81.777320 81.734159 0.869491 0.824209 0.013082 0.130850
0.930000 80.019028 80.059848 80.019028 0.914084 0.853128 0.012888 0.128916
0.940000 78.224980 78.277459 78.224980 0.915600 0.861788 0.012973 0.129761
0.950000 76.350426 76.412984 76.350426 0.910629 0.858014 0.013006 0.130077
0.960000 74.391329 74.435959 74.391329 0.900915 0.874650 0.013069 0.130739
0.970000 72.327223 72.370508 72.327223 0.887883 0.856326 0.013065 0.130694
0.980000 70.164005 70.200326 70.164005 0.897898 0.867108 0.012952 0.129521
0.990000 67.890636 67.930046 67.890636 0.924666 0.849806 0.012993 0.129969
1.000000 65.482700 65.528786 65.482700 0.938344 0.844832 0.013106 0.131067
1.010000 62.963623 63.023684 62.963623 0.924275 0.882222 0.012982 0.129860
1.020000 60.303422 60.360011 60.303422 0.943532 0.848549 0.012894 0.128976
1.030000 57.509800 57.597872 57.509800 0.914477 0.875191 0.012988 0.129905
1.040000 54.619105 54.693783 54.619105 0.918513 0.869160 0.013002 0.130052
1.050000 51.619251 51.704104 51.619251 0.924136 0.858400 0.013061 0.130647
1.060000 48.559986 48.648684 48.559986 0.868521 0.903152 0.013139 0.131429
1.070000 45.472372 45.547882 45.472372 0.957061 0.895160 0.012980 0.129816
1.080000 42.365703 42.436610 42.365703 0.967820 0.919198 0.012954 0.129562
1.090000 39.280636 39.343375 39.280636 0.904534 0.867460 0.012998 0.130013
1.100000 36.298642 36.370792 36.298642 0.873094 0.806893 0.013017 0.130195
1.110000 33.414355 33.500438 33.414355 0.790468 0.736506 0.013093 0.130949
1.120000 30.645425 30.736434 30.645425 0.712792 0.659548 0.013004 0.130106
1.130000 28.018628 28.110176 28.018628 0.591811 0.567483 0.012958 0.129631
1.140000 25.547681 25.638650 25.547681 0.459979 0.469732 0.012902 0.129036
1.150000 23.239929 23.329795 23.239929 0.360790 0.365425 0.013045 0.130498
1.160000 21.099166 21.187626 21.099166 0.254388 0.265208 0.013751 0.137545
1.170000 19.121944 19.212086 19.121944 0.176385 0.184523 0.014195 0.142062
1.180000 17.296683 17.395483 17.296683 0.157781 0.136073 0.013109 0.131129
1.190000 15.619124 15.729100 15.619124 0.194000 0.138572 0.012974 0.129767
1.200000 14.079321 14.207364 14.079321 0.203329 0.139419 0.012985 0.129899
1.210000 12.669421 12.775974 12.669421 0.184802 0.141151 0.012936 0.129406
1.220000 11.377574 11.456812 11.377574 0.180355 0.150886 0.013098 0.131006
1.230000 10.196545 10.276599 10.196545 0.191622 0.171691 0.013125 0.131277
1.240000 9.119041 9.198506 9.119041 0.205479 0.178836 0.012973 0.129759
1.250000 8.141665 8.199287 8.141665 0.169715 0.187936 0.013035 0.130474
1.260000 7.254722 7.332112 7.254722 0.193413 0.179707 0.012954 0.129573
1.270000 6.454802 6.519790 6.454802 0.163049 0.163742 0.012988 0.129919
1.280000 5.736558 5.818695 5.736558 0.161880 0.136749 0.013039 0.130440
1.290000 5.093306 5.164067 5.093306 0.154003 0.123562 0.013028 0.130299
1.300000 4.521505 4.600022 4.521505 0.178657 0.130345 0.012941 0.129431
1.310000 4.008994 4.089022 4.008994 0.181895 0.116235 0.013001 0.130033
1.320000 3.556692 3.633324 3.556692 0.166466 0.118862 0.013023 0.130310
1.330000 3.157452 3.225511 3.157452 0.159494 0.109078 0.012965 0.129670
1.340000 2.802109 2.871407 2.802109 0.171091 0.110326 0.012995 0.129973
1.350000 2.487275 2.565023 2.487275 0.167394 0.108218 0.012986 0.129897
1.360000 2.211752 2.305961 2.211752 0.174495 0.111242 0.012920 0.129246
1.370000 1.970067 2.079468 1.970067 0.188364 0.111401 0.012961 0.129636
1.380000 1.756600 1.858809 1.756600 0.190641 0.109608 0.013228 0.132323
1.390000 1.569083 1.671068 1.569083 0.172600 0.115041 0.012930 0.129338
1.400000 1.404938 1.508007 1.404938 0.170132 0.111786 0.012932 0.129344
1.410000 1.261693 1.370166 1.261693 0.176608 0.121777 0.013004 0.130059
1.420000 1.133500 1.241482 1.133500 0.177265 0.119338 0.012979 0.129859
1.430000 1.021202 1.133173 1.021202 0.179397 0.122615 0.013269 0.132742
1.440000 0.920645 1.042431 0.920645 0.184374 0.115122 0.013025 0.130267
1.450000 0.832668 0.958097 0.832668 0.190209 0.115856 0.013138 0.131421
1.460000 0.754095 0.881143 0.754095 0.186716 0.110432 0.012901 0.129039
1.470000 0.684355 0.811438 0.684355 0.181763 0.107538 0.012922 0.129259
1.480000 0.621669 0.749102 0.621669 0.177882 0.104884 0.012966 0.129706
1.490000 0.566298 0.695324 0.566298 0.179428 0.104341 0.013125 0.131276
1.500000 0.517279 0.652379 0.517279 0.182126 0.102838 0.012954 0.129565
1.510000 0.473151 0.607787 0.473151 0.178590 0.101945 0.012929 0.129325
1.520000 0.434363 0.570802 0.434363 0.175210 0.100726 0.013167 0.131726
1.530000 0.398950 0.528768 0.398950 0.170686 0.101789 0.012991 0.129921
1.540000 0.367498 0.498997 0.367498 0.169141 0.099608 0.013010 0.130127
1.550000 0.339258 0.471181 0.339258 0.161935 0.099166 0.013106 0.131139
1.560000 0.313766 0.445925 0.313766 0.164064 0.097375 0.012941 0.129424
1.570000 0.290485 0.418850 0.290485 0.158659 0.094309 0.012999 0.130013
1.580000 0.269261 0.398171 0.269261 0.155170 0.091378 0.013024 0.130276
1.590000 0.250008 0.379914 0.250008 0.153589 0.088521 0.012948 0.129498
1.600000 0.232537 0.362169 0.232537 0.155715 0.086241 0.012959 0.129613
1.610000 0.216775 0.347087 0.216775 0.158183 0.083681 0.012996 0.129985
1.620000 0.202374 0.331385 0.202374 0.154314 0.081761 0.012933 0.129364
1.630000 0.189215 0.322826 0.189215 0.158731 0.079320 0.012989 0.129917
1.640000 0.177235 0.308786 0.177235 0.153236 0.077796 0.013026 0.130282
1.650000 0.166218 0.293883 0.166218 0.153548 0.074434 0.013083 0.130866
1.660000 0.156262 0.288576 0.156262 0.155874 0.073183 0.012936 0.129395
1.670000 0.146962 0.278002 0.146962 0.154737 0.070850 0.012940 0.129425
1.680000 0.138593 0.268132 0.138593 0.152175 0.067717 0.012922 0.129254
1.690000 0.131000 0.261649 0.131000 0.151065 0.065692 0.013200 0.132028
1.700000 0.123930 0.256023 0.123930 0.153230 0.064356 0.013088 0.130908
1.710000 0.117526 0.249851 0.117526 0.155512 0.061462 0.013051 0.130534
1.720000 0.111662 0.241958 0.111662 0.155657 0.059395 0.012950 0.129545
1.730000 0.106285 0.236999 0.106285 0.155995 0.057742 0.012941 0.129441
1.740000 0.101347 0.230792 0.101347 0.156596 0.055367 0.013106 0.131088
1.750000 0.096797 0.225173 0.096797 0.153869 0.054191 0.013256 0.132575
1.760000 0.092646 0.221767 0.092646 0.157403 0.051572 0.013066 0.130680
1.770000 0.088870 0.218948 0.088870 0.157575 0.049570 0.012907 0.129075
1.780000 0.085404 0.214659 0.085404 0.158816 0.047948 0.013082 0.130873
1.790000 0.082236 0.212838 0.082236 0.158962 0.046018 0.012958 0.129599
1.800000 0.079275 0.208973 0.079275 0.158121 0.044481 0.013075 0.130778
1.810000 0.076612 0.207023 0.076612 0.158220 0.042636 0.013147 0.131505
1.820000 0.074137 0.204047 0.074137 0.158731 0.040922 0.013015 0.130171
1.830000 0.071881 0.200728 0.071881 0.157526 0.039236 0.012974 0.129767
1.840000 0.069825 0.199623 0.069825 0.157571 0.037825 0.012982 0.129839
1.850000 0.067919 0.198422 0.067919 0.157895 0.036233 0.012968 0.129717
1.860000 0.066167 0.194654 0.066167 0.157197 0.034793 0.012982 0.129863
1.870000 0.064563 0.194577 0.064563 0.161357 0.033056 0.012995 0.129970
1.880000 0.063097 0.194727 0.063097 0.161887 0.031766 0.012936 0.129405
1.890000 0.061745 0.192841 0.061745 0.160490 0.030358 0.013003 0.130059
1.900000 0.060493 0.188924 0.060493 0.162659 0.028956 0.012947 0.129495
1.910000 0.059352 0.189303 0.059352 0.164035 0.027820 0.013063 0.130663
1.920000 0.058282 0.186399 0.058282 0.159604 0.026617 0.013132 0.131343
1.930000 0.057299 0.185451 0.057299 0.160983 0.025295 0.012922 0.129255
1.940000 0.056395 0.186082 0.056395 0.157509 0.023742 0.012930 0.129323
1.950000 0.055572 0.186537 0.055572 0.163948 0.022579 0.013083 0.130870
1.960000 0.054801 0.182864 0.054801 0.163332 0.021650 0.012965 0.129673
1.970000 0.054086 0.181428 0.054086 0.159907 0.020145 0.012962 0.129646
1.980000 0.053421 0.182598 0.053421 0.165164 0.019429 0.013100 0.131041
1.990000 0.052797 0.178305 0.052797 0.160459 0.018273 0.012973 0.129754
2.000000 0.052226 0.182859 0.052226 0.162560 0.017125 0.012913 0.129154
2.010000 0.051676 0.181915 0.051676 0.166819 0.016297 0.013041 0.130433
2.020000 0.051163 0.178503 0.051163 0.163277 0.015274 0.013002 0.130062
2.030000 0.050681 0.176657 0.050681 0.161296 0.014324 0.012938 0.129408
2.040000 0.050225 0.178094 0.050225 0.163980 0.013432 0.012975 0.129774
2.050000 0.049792 0.177339 0.049792 0.164301 0.012413 0.012988 0.129926
2.060000 0.049386 0.178130 0.049386 0.165137 0.011189 0.013051 0.130526
2.070000 0.048997 0.177381 0.048997 0.167550 0.010881 0.013028 0.130301
2.080000 0.048620 0.177218 0.048620 0.167765 0.010188 0.012998 0.130015
2.090000 0.048252 0.175293 0.048252 0.164246 0.009013 0.012854 0.128585
2.100000 0.047914 0.176851 0.047914 0.162685 0.008358 0.012923 0.129254
2.110000 0.047577 0.176134 0.047577 0.160360 0.008688 0.013127 0.131314
2.120000 0.047255 0.175254 0.047255 0.160886 0.008847 0.013136 0.131412
2.130000 0.046926 0.173442 0.046926 0.161424 0.009675 0.012937 0.129411
2.140000 0.046635 0.174192 0.046635 0.161188 0.009132 0.013062 0.130650
2.150000 0.046312 0.176027 0.046312 0.165896 0.009222 0.012942 0.129461
2.160000 0.046000 0.174085 0.046000 0.164464 0.009664 0.012953 0.129589
2.170000 0.045700 0.172486 0.045700 0.162582 0.009569 0.013108 0.131102
2.180000 0.045396 0.173180 0.045396 0.163828 0.009792 0.013085 0.130898
2.190000 0.045096 0.173662 0.045096 0.166154 0.009925 0.012957 0.129599
2.200000 0.044797 0.173762 0.044797 0.166635 0.010081 0.012966 0.129708
2.210000 0.044495 0.171683 0.044495 0.165815 0.010186 0.013044 0.130443
2.220000 0.044204 0.169712 0.044204 0.159298 0.010233 0.013215 0.132174
2.230000 0.043906 0.171077 0.043906 0.162990 0.010305 0.013056 0.130569
2.240000 0.043601 0.169902 0.043601 0.164868 0.010460 0.013111 0.131147
2.250000 0.043303 0.170597 0.043303 0.164940 0.010685 0.012938 0.129417
2.260000 0.043000 0.169857 0.043000 0.161059 0.010829 0.013033 0.130351
2.270000 0.042692 0.169552 0.042692 0.162675 0.010738 0.013019 0.130214
2.280000 0.042379 0.169417 0.042379 0.163273 0.011022 0.013181 0.131841
2.290000 0.042073 0.169041 0.042073 0.163945 0.010949 0.013166 0.131685
2.300000 0.041768 0.168278 0.041768 0.163932 0.011420 0.013065 0.130654
2.310000 0.041453 0.167876 0.041453 0.164649 0.011033 0.013591 0.135954
2.320000 0.041138 0.166824 0.041138 0.162560 0.011048 0.014265 0.141867
2.330000 0.040815 0.168744 0.040815 0.163285 0.011349 0.013035 0.129244
2.340000 0.040494 0.169799 0.040494 0.164202 0.011301 0.013006 0.128965
2.350000 0.040184 0.167929 0.040184 0.162334 0.011265 0.013007 0.129280
2.360000 0.039850 0.168887 0.039850 0.164389 0.011499 0.013175 0.130534
2.370000 0.039527 0.167310 0.039527 0.163611 0.011280 0.013074 0.129809
2.380000 0.039192 0.166415 0.039192 0.163498 0.011372 0.012925 0.128411
2.390000 0.038861 0.165048 0.038861 0.163740 0.011759 0.012958 0.128981
2.400000 0.038526 0.164647 0.038526 0.163910 0.011763 0.013148 0.131478
2.410000 0.038195 0.164335 0.038195 0.163931 0.011445 0.013085 0.130884
2.420000 0.037851 0.163196 0.037851 0.162856 0.011509 0.013051 0.130540
2.430000 0.037512 0.165853 0.037512 0.164313 0.011629 0.012955 0.129578
2.440000 0.037169 0.166571 0.037169 0.166853 0.011654 0.013061 0.130642
2.450000 0.036837 0.165169 0.036837 0.164762 0.011581 0.013012 0.130146
2.460000 0.036492 0.164748 0.036492 0.164921 0.011516 0.013047 0.130486
2.470000 0.036143 0.163005 0.036143 0.165831 0.011635 0.013202 0.132073
2.480000 0.035804 0.162064 0.035804 0.164613 0.011554 0.013078 0.130807
2.490000 0.035447 0.164202 0.035447 0.166405 0.011750 0.012961 0.129629
2.500000 0.035102 0.163066 0.035102 0.167065 0.011723 0.013247 0.132508
2.510000 0.034754 0.161171 0.034754 0.165405 0.011860 0.013004 0.130075
2.520000 0.034406 0.161383 0.034406 0.166202 0.011873 0.012961 0.129631
2.530000 0.034054 0.161158 0.034054 0.166389 0.011820 0.013134 0.131366
2.540000 0.033703 0.160298 0.033703 0.165236 0.011669 0.013186 0.131902
2.550000 0.033355 0.160380 0.033355 0.166217 0.011977 0.013121 0.131238
2.560000 0.033009 0.159086 0.033009 0.164708 0.011906 0.013054 0.130564
2.570000 0.032653 0.159752 0.032653 0.166279 0.011575 0.013007 0.130103
2.580000 0.032305 0.158680 0.032305 0.164939 0.012015 0.012942 0.129452
2.590000 0.031962 0.157898 0.031962 0.163982 0.011970 0.013187 0.131896
2.600000 0.031606 0.158300 0.031606 0.165640 0.011591 0.013069 0.130726
2.610000 0.031257 0.158256 0.031257 0.165232 0.011832 0.012967 0.129669
2.620000 0.030914 0.157663 0.030914 0.165649 0.012099 0.013006 0.130084
2.630000 0.030567 0.156536 0.030567 0.164467 0.011580 0.013034 0.130367
2.640000 0.030222 0.156819 0.030222 0.165731 0.012187 0.012957 0.129603
2.650000 0.029888 0.155829 0.029888 0.164471 0.011986 0.013031 0.130331
2.660000 0.029541 0.156523 0.029541 0.166142 0.011585 0.013179 0.131818
2.670000 0.029203 0.155404 0.029203 0.164842 0.012036 0.012961 0.129656
2.680000 0.028865 0.155785 0.028865 0.165662 0.011989 0.013056 0.130586
2.690000 0.028528 0.155075 0.028528 0.165191 0.011671 0.013050 0.130519
2.700000 0.028198 0.154523 0.028198 0.162639 0.012071 0.012932 0.129367
2.710000 0.027866 0.155856 0.027866 0.163907 0.012190 0.013074 0.130765
2.720000 0.027532 0.155236 0.027532 0.164931 0.011679 0.013160 0.131624
2.730000 0.027202 0.153268 0.027202 0.165074 0.012187 0.013160 0.131638
2.740000 0.026877 0.153954 0.026877 0.161681 0.012067 0.012998 0.130008
2.750000 0.026560 0.153898 0.026560 0.160425 0.012021 0.013015 0.130169
2.760000 0.026231 0.154558 0.026231 0.163914 0.012089 0.013013 0.130145
2.770000 0.025910 0.153807 0.025910 0.162796 0.011914 0.013076 0.130786
2.780000 0.025593 0.152589 0.025593 0.162121 0.011965 0.013198 0.132002
2.790000 0.025276 0.153941 0.025276 0.164027 0.012045 0.013206 0.132081
2.800000 0.024957 0.151195 0.024957 0.163050 0.011853 0.013271 0.132749
2.810000 0.024650 0.154093 0.024650 0.165866 0.011804 0.013039 0.130419
2.820000 0.024338 0.151899 0.024338 0.166482 0.011741 0.013109 0.131116
2.830000 0.024031 0.151070 0.024031 0.165490 0.011382 0.013026 0.130268
2.840000 0.023722 0.150727 0.023722 0.166195 0.011808 0.012936 0.129360
2.850000 0.023423 0.149972 0.023423 0.166157 0.011681 0.013081 0.130861
2.860000 0.023121 0.150631 0.023121 0.165480 0.011140 0.013195 0.131986
2.870000 0.022820 0.149895 0.022820 0.166237 0.011701 0.012933 0.129354
2.880000 0.022530 0.149348 0.022530 0.166290 0.011559 0.013003 0.130053
2.890000 0.022237 0.149631 0.022237 0.165502 0.011003 0.012970 0.129732
2.900000 0.021944 0.148959 0.021944 0.166235 0.011562 0.013006 0.130079
2.910000 0.021663 0.148453 0.021663 0.166278 0.011418 0.013133 0.131347
2.920000 0.021378 0.148759 0.021378 0.165488 0.010861 0.013093 0.130953
2.930000 0.021094 0.148091 0.021094 0.166218 0.011417 0.013074 0.130790
2.940000 0.020822 0.147586 0.020822 0.166261 0.011271 0.012990 0.129928
2.950000 0.020545 0.147905 0.020545 0.165472 0.010719 0.012970 0.129726
2.960000 0.020271 0.147247 0.020271 0.166202 0.011266 0.013219 0.132247
2.970000 0.020007 0.146752 0.020007 0.166246 0.011119 0.013015 0.130190
2.980000 0.019739 0.147081 0.019739 0.165457 0.010572 0.012962 0.129626
2.990000 0.019473 0.146432 0.019473 0.166188 0.011109 0.013130 0.131323
3.000000 0.019218 0.145946 0.019218 0.166232 0.010961 0.013005 0.130094
3.010000 0.018959 0.146286 0.018959 0.165444 0.010419 0.012982 0.129839
3.020000 0.018702 0.145645 0.018702 0.166175 0.010948 0.013105 0.131076
3.030000 0.018455 0.145169 0.018455 0.166219 0.010799 0.013400 0.134042
3.040000 0.018205 0.145519 0.018205 0.165432 0.010261 0.013148 0.131509
3.050000 0.017957 0.144888 0.017957 0.166163 0.010784 0.013419 0.134212
3.060000 0.017719 0.144421 0.017719 0.166208 0.010633 0.013289 0.132932
3.070000 0.017478 0.144780 0.017478 0.165420 0.010099 0.013177 0.131787
3.080000 0.017238 0.144159 0.017238 0.166152 0.010616 0.013408 0.134092
3.090000 0.017009 0.143701 0.017009 0.166197 0.010464 0.013204 0.132084
3.100000 0.016776 0.144070 0.016776 0.165410 0.009933 0.013125 0.131270
3.110000 0.016545 0.143457 0.016545 0.166143 0.010445 0.013280 0.132820
3.120000 0.016325 0.143009 0.016325 0.166188 0.010294 0.013290 0.132943
3.130000 0.016101 0.143387 0.016101 0.165401 0.009765 0.013154 0.131562
3.140000 0.015878 0.142783 0.015878 0.166134 0.010273 0.013548 0.135483
3.150000 0.015666 0.142344 0.015666 0.166179 0.010121 0.013279 0.132834
3.160000 0.015450 0.142731 0.015450 0.165393 0.009594 0.013268 0.132698
3.170000 0.015236 0.142136 0.015236 0.166126 0.010100 0.013205 0.132080
3.180000 0.015033 0.141705 0.015033 0.166171 0.009948 0.013199 0.132030
3.190000 0.014825 0.142102 0.014825 0.165385 0.009422 0.013211 0.132140
3.200000 0.014619 0.141516 0.014619 0.166118 0.009926 0.013163 0.131655
3.210000 0.014424 0.141093 0.014424 0.166164 0.009773 0.013181 0.131852
3.220000 0.014224 0.141498 0.014224 0.165378 0.009249 0.013124 0.131276
3.230000 0.014026 0.140920 0.014026 0.166112 0.009752 0.013197 0.131986
3.240000 0.013839 0.140506 0.013839 0.166158 0.009599 0.013287 0.132915
3.250000 0.013647 0.140920 0.013647 0.165372 0.009076 0.013227 0.132297
3.260000 0.013457 0.140350 0.013457 0.166106 0.009578 0.013274 0.132770
3.270000 0.013277 0.139944 0.013277 0.166152 0.009425 0.013399 0.134035
3.280000 0.013093 0.140366 0.013093 0.165366 0.008902 0.013326 0.133279
3.290000 0.012911 0.139804 0.012911 0.166100 0.009404 0.013181 0.131829
3.300000 0.012739 0.139406 0.012739 0.166147 0.009252 0.013369 0.133710
3.310000 0.012562 0.139836 0.012562 0.165361 0.008741 0.013295 0.133001
3.320000 0.012387 0.139282 0.012387 0.166096 0.009231 0.013276 0.132784
3.330000 0.012222 0.138891 0.012222 0.166142 0.009079 0.013429 0.134320
3.340000 0.012053 0.139328 0.012053 0.165357 0.008619 0.013188 0.131923
3.350000 0.011886 0.138782 0.011886 0.166092 0.009060 0.013288 0.132907
3.360000 0.011728 0.138399 0.011728 0.166138 0.008908 0.013338 0.133404
3.370000 0.011565 0.138843 0.011565 0.165353 0.008499 0.013310 0.133139
3.380000 0.011405 0.138304 0.011405 0.166088 0.008890 0.013222 0.132244
3.390000 0.011254 0.137928 0.011254 0.166135 0.008738 0.013265 0.132671
3.400000 0.011098 0.138379 0.011098 0.165349 0.008381 0.013150 0.131535
3.410000 0.010945 0.137848 0.010945 0.166085 0.008721 0.013280 0.132803
3.420000 0.010800 0.137478 0.010800 0.166132 0.008571 0.013184 0.131860
3.430000 0.010651 0.137936 0.010651 0.165346 0.008265 0.013242 0.132435
3.440000 0.010504 0.137412 0.010504 0.166082 0.008555 0.013112 0.131134
3.450000 0.010366 0.137049 0.010366 0.166129 0.008405 0.013759 0.137617
3.460000 0.010224 0.137513 0.010224 0.165344 0.008151 0.014504 0.145165
3.470000 0.010083 0.136995 0.010083 0.166079 0.008390 0.013217 0.132194
3.480000 0.009951 0.136638 0.009951 0.166127 0.008241 0.013334 0.133375
3.490000 0.009815 0.137109 0.009815 0.165341 0.008040 0.013158 0.131615
3.500000 0.009680 0.136597 0.009680 0.166077 0.008228 0.013035 0.130352
3.510000 0.009554 0.136247 0.009554 0.166125 0.008080 0.013359 0.133614
3.520000 0.009424 0.136723 0.009424 0.165339 0.007930 0.013194 0.131994
3.530000 0.009295 0.136218 0.009295 0.166075 0.008069 0.013248 0.132495
3.540000 0.009175 0.135873 0.009175 0.166123 0.007921 0.013456 0.134584
3.550000 0.009050 0.136355 0.009050 0.165338 0.007823 0.013335 0.133383
3.560000 0.008927 0.135856 0.008927 0.166074 0.007912 0.013177 0.131791
3.570000 0.008812 0.135517 0.008812 0.166122 0.007764 0.013356 0.133588
3.580000 0.008693 0.136004 0.008693 0.165336 0.007718 0.013296 0.132993
3.590000 0.008575 0.135511 0.008575 0.166073 0.007757 0.013277 0.132786
3.600000 0.008466 0.135177 0.008466 0.166120 0.007610 0.013461 0.134633
3.610000 0.008352 0.135669 0.008352 0.165335 0.007615 0.013123 0.131280
3.620000 0.008239 0.135181 0.008239 0.166071 0.007605 0.013268 0.132709
3.630000 0.008135 0.134853 0.008135 0.166119 0.007459 0.013303 0.133057
3.640000 0.008026 0.135350 0.008026 0.165334 0.007514 0.013257 0.132621
3.650000 0.007918 0.134867 0.007918 0.166071 0.007456 0.013249 0.132512
3.660000 0.007819 0.134544 0.007819 0.166119 0.007311 0.013198 0.131999
3.670000 0.007714 0.135045 0.007714 0.165333 0.007416 0.013138 0.131414
3.680000 0.007612 0.134568 0.007612 0.166070 0.007310 0.013221 0.132234
3.690000 0.007517 0.134249 0.007517 0.166118 0.007166 0.013180 0.131817
3.700000 0.007417 0.134755 0.007417 0.165332 0.007320 0.013179 0.131831
3.710000 0.007319 0.134283 0.007319 0.166069 0.007167 0.013136 0.131379
3.720000 0.007229 0.133968 0.007229 0.166118 0.007023 0.013264 0.132666
3.730000 0.007134 0.134479 0.007134 0.165332 0.007226 0.013347 0.133509
3.740000 0.007040 0.134011 0.007040 0.166069 0.007026 0.013128 0.131308
3.750000 0.006954 0.133701 0.006954 0.166117 0.006884 0.013196 0.131988
3.760000 0.006863 0.134215 0.006863 0.165332 0.007134 0.013375 0.133796
3.770000 0.006774 0.133752 0.006774 0.166069 0.006889 0.013271 0.132736
3.780000 0.006692 0.133446 0.006692 0.166117 0.006747 0.013407 0.134096
3.790000 0.006605 0.133964 0.006605 0.165331 0.007044 0.013319 0.133239
3.800000 0.006519 0.133505 0.006519 0.166069 0.006755 0.013156 0.131579
3.810000 0.006441 0.133203 0.006441 0.166117 0.006614 0.013299 0.133016
3.820000 0.006358 0.133725 0.006358 0.165331 0.006957 0.013435 0.134379
3.830000 0.006277 0.133270 0.006277 0.166069 0.006623 0.013235 0.132365
3.840000 0.006202 0.132972 0.006202 0.166117 0.006509 0.013401 0.134032
3.850000 0.006123 0.133497 0.006123 0.165331 0.006872 0.013185 0.131892
3.860000 0.006045 0.133046 0.006045 0.166069 0.006495 0.013193 0.131954
3.870000 0.005974 0.132751 0.005974 0.166117 0.006425 0.013475 0.134758
3.880000 0.005898 0.133280 0.005898 0.165331 0.006789 0.013265 0.132681
3.890000 0.005824 0.132833 0.005824 0.166069 0.006369 0.013261 0.132633
3.900000 0.005757 0.132541 0.005757 0.166118 0.006344 0.013231 0.132329
3.910000 0.005684 0.133073 0.005684 0.165332 0.006708 0.013167 0.131721
3.920000 0.005613 0.132630 0.005613 0.166070 0.006247 0.013182 0.131857
3.930000 0.005549 0.132341 0.005549 0.166118 0.006264 0.013120 0.131218
3.940000 0.005480 0.132876 0.005480 0.165332 0.006629 0.013214 0.132169
3.950000 0.005412 0.132436 0.005412 0.166070 0.006127 0.013142 0.131450
3.960000 0.005351 0.132151 0.005351 0.166118 0.006186 0.013255 0.132558
3.970000 0.005285 0.132688 0.005285 0.165332 0.006552 0.013258 0.132610
3.980000 0.005220 0.132252 0.005220 0.166070 0.006010 0.013195 0.132000
3.990000 0.005162 0.131969 0.005162 0.166119 0.006111 0.013262 0.132644
4.000000 0.005099 0.132509 0.005099 0.165333 0.006478 0.013409 0.134105
4.010000 0.005037 0.132076 0.005037 0.166071 0.005896 0.013274 0.132811
4.020000 0.004982 0.131796 0.004982 0.166119 0.006037 0.013154 0.131564
4.030000 0.004921 0.132339 0.004921 0.165333 0.006405 0.013399 0.134024
4.040000 0.004862 0.131909 0.004862 0.166071 0.005785 0.013342 0.133463
4.050000 0.004810 0.131631 0.004810 0.166120 0.005966 0.013204 0.132078
4.060000 0.004752 0.132176 0.004752 0.165334 0.006334 0.013332 0.133366
4.070000 0.004696 0.131749 0.004696 0.166072 0.005712 0.013217 0.132203
4.080000 0.004645 0.131475 0.004645 0.166121 0.005896 0.013225 0.132269
4.090000 0.004590 0.132022 0.004590 0.165334 0.006265 0.013239 0.132430
4.100000 0.004536 0.131597 0.004536 0.166073 0.005643 0.013241 0.132454
4.110000 0.004489 0.131325 0.004489 0.166121 0.005828 0.013244 0.132463
4.120000 0.004436 0.131874 0.004436 0.165335 0.006198 0.013158 0.131606
4.130000 0.004385 0.131453 0.004385 0.166073 0.005576 0.013152 0.131598
4.140000 0.004343 0.129994 0.004343 0.164347 0.005839 0.013188 0.131904
4.150000 0.004288 0.131004 0.004288 0.164906 0.006132 0.013239 0.132410
4.160000 0.004240 0.130453 0.004240 0.163662 0.005857 0.013103 0.131070
4.170000 0.004194 0.129799 0.004194 0.165715 0.005577 0.013175 0.131776
4.180000 0.004145 0.130409 0.004145 0.166213 0.005364 0.013321 0.133234
4.190000 0.004103 0.130641 0.004103 0.164790 0.005995 0.013346 0.133509
4.200000 0.004059 0.131002 0.004059 0.165887 0.005495 0.013106 0.131085
4.210000 0.004015 0.130355 0.004015 0.164937 0.005949 0.013295 0.132984
4.220000 0.003975 0.130520 0.003975 0.165558 0.005586 0.013295 0.132979
4.230000 0.003929 0.129966 0.003929 0.164302 0.005914 0.013240 0.132445
4.240000 0.003888 0.130603 0.003888 0.165601 0.005417 0.013387 0.133912
4.250000 0.003844 0.130563 0.003844 0.164747 0.005177 0.013375 0.133796
4.260000 0.003809 0.130105 0.003809 0.164990 0.005610 0.013128 0.131329
4.270000 0.003768 0.130338 0.003768 0.164282 0.005108 0.013399 0.134011
4.280000 0.003730 0.130029 0.003730 0.164653 0.005584 0.013287 0.132908
4.290000 0.003690 0.130213 0.003690 0.164169 0.005059 0.013164 0.131683
4.300000 0.003653 0.131376 0.003653 0.165694 0.005466 0.013174 0.131762
4.310000 0.003624 0.129579 0.003624 0.162803 0.005146 0.013178 0.131804
4.320000 0.003577 0.129423 0.003577 0.163033 0.005398 0.013137 0.131410
4.330000 0.003538 0.129870 0.003538 0.164404 0.005254 0.013185 0.131880
4.340000 0.003505 0.130071 0.003505 0.164165 0.005362 0.013166 0.131678
4.350000 0.003472 0.129613 0.003472 0.165247 0.005457 0.013095 0.131004
4.360000 0.003430 0.129330 0.003430 0.164397 0.005734 0.013330 0.133337
4.370000 0.003396 0.130483 0.003396 0.165853 0.005189 0.013372 0.133742
4.380000 0.003360 0.130131 0.003360 0.164879 0.005043 0.013201 0.132054
4.390000 0.003331 0.130881 0.003331 0.164790 0.005943 0.013242 0.132443
4.400000 0.003293 0.129236 0.003293 0.164364 0.005559 0.013368 0.133722
4.410000 0.003259 0.126445 0.003259 0.163565 0.005037 0.013187 0.131910
4.420000 0.003232 0.130245 0.003232 0.164212 0.005030 0.013311 0.133127
4.430000 0.003201 0.130585 0.003201 0.163187 0.005073 0.013343 0.133450
4.440000 0.003169 0.132485 0.003169 0.165811 0.004981 0.013339 0.133430
4.450000 0.003135 0.130509 0.003135 0.166615 0.005097 0.013361 0.133635
4.460000 0.003114 0.129082 0.003114 0.163370 0.005169 0.013367 0.133701
4.470000 0.003076 0.128808 0.003076 0.163357 0.005127 0.013304 0.133088
4.480000 0.003050 0.129219 0.003050 0.164835 0.005236 0.013310 0.133117
4.490000 0.003014 0.129158 0.003014 0.164207 0.005515 0.013346 0.133481
4.500000 0.002986 0.129170 0.002986 0.165414 0.005679 0.013259 0.132622
4.510000 0.002959 0.129511 0.002959 0.164151 0.005140 0.013358 0.133608
4.520000 0.002936 0.129265 0.002936 0.165274 0.005173 0.013334 0.133359
4.530000 0.002901 0.129419 0.002901 0.164378 0.005398 0.013283 0.132881
4.540000 0.002874 0.129008 0.002874 0.165427 0.005371 0.013332 0.133346
4.550000 0.002845 0.130959 0.002845 0.164769 0.004719 0.013380 0.133831
4.560000 0.002824 0.130383 0.002824 0.165118 0.005505 0.013249 0.132524
4.570000 0.002796 0.131443 0.002796 0.164591 0.004694 0.013228 0.132285
4.580000 0.002771 0.129900 0.002771 0.165122 0.005306 0.013884 0.138857
4.590000 0.002744 0.130037 0.002744 0.164300 0.005390 0.014463 0.144754
4.600000 0.002728 0.128237 0.002728 0.162540 0.004861 0.013555 0.135563
4.610000 0.002700 0.129441 0.002700 0.163331 0.005456 0.013287 0.132893
4.620000 0.002675 0.129198 0.002675 0.163518 0.004874 0.013244 0.132482
4.630000 0.002650 0.129745 0.002650 0.163727 0.005303 0.013426 0.134292
4.640000 0.002627 0.128940 0.002627 0.165769 0.005286 0.013302 0.133032
4.650000 0.002605 0.127558 0.002605 0.163405 0.004704 0.013214 0.132175
4.660000 0.002590 0.128595 0.002590 0.163242 0.004938 0.013226 0.132301
4.670000 0.002564 0.129209 0.002564 0.165690 0.004716 0.013377 0.133793
4.680000 0.002543 0.128958 0.002543 0.165806 0.004694 0.013230 0.132339
4.690000 0.002520 0.129072 0.002520 0.165927 0.004749 0.013357 0.133596
4.700000 0.002499 0.128962 0.002499 0.166146 0.004725 0.013256 0.132586
4.710000 0.002477 0.128805 0.002477 0.164974 0.005148 0.013201 0.132057
4.720000 0.002456 0.129158 0.002456 0.164413 0.004295 0.013177 0.131792
4.730000 0.002442 0.130407 0.002442 0.166036 0.004809 0.013267 0.132709
4.740000 0.002430 0.128698 0.002430 0.163012 0.004501 0.013082 0.130863
4.750000 0.002402 0.127623 0.002402 0.163307 0.004806 0.013160 0.131627
4.760000 0.002382 0.126291 0.002382 0.160918 0.004664 0.013314 0.133162
4.770000 0.002366 0.128970 0.002366 0.163069 0.004788 0.013117 0.131241
4.780000 0.002344 0.128115 0.002344 0.163322 0.005390 0.013294 0.132957
4.790000 0.002325 0.126439 0.002325 0.159954 0.004742 0.013258 0.132599
4.800000 0.002309 0.128604 0.002309 0.162118 0.004664 0.013206 0.132093
4.810000 0.002290 0.129370 0.002290 0.163422 0.004707 0.013190 0.131928
4.820000 0.002269 0.128483 0.002269 0.164556 0.004521 0.013275 0.132779
4.830000 0.002250 0.128185 0.002250 0.164051 0.005061 0.013271 0.132751
4.840000 0.002236 0.128581 0.002236 0.165329 0.005300 0.013298 0.133005
4.850000 0.002218 0.128718 0.002218 0.164067 0.004690 0.013374 0.133788
4.860000 0.002206 0.128469 0.002206 0.165230 0.004728 0.013273 0.132777
4.870000 0.002183 0.128791 0.002183 0.164392 0.004957 0.013314 0.133180
4.880000 0.002169 0.128652 0.002169 0.164055 0.004165 0.013406 0.134085
4.890000 0.002155 0.128563 0.002155 0.164221 0.004546 0.013206 0.132110
4.900000 0.002140 0.130109 0.002140 0.166104 0.004546 0.013249 0.132516
4.910000 0.002120 0.130647 0.002120 0.166033 0.004469 0.013151 0.131552
4.920000 0.002106 0.128678 0.002106 0.165888 0.005332 0.013243 0.132474
4.930000 0.002088 0.128256 0.002088 0.164277 0.004363 0.013128 0.131321
4.940000 0.002074 0.128913 0.002074 0.165349 0.004487 0.013197 0.131964
4.950000 0.002062 0.128143 0.002062 0.164337 0.004535 0.013117 0.131190
4.960000 0.002041 0.128665 0.002041 0.164129 0.004188 0.013132 0.131385
4.970000 0.002033 0.130487 0.002033 0.164531 0.004339 0.013316 0.133185
4.980000 0.002018 0.130398 0.002018 0.165300 0.004260 0.013204 0.132080
4.990000 0.002003 0.132171 0.002003 0.166812 0.004212 0.013206 0.132110
5.000000 0.001988 0.129401 0.001988 0.166895 0.004477 0.013214 0.132186
5.010000 0.001969 0.129265 0.001969 0.165605 0.004744 0.013424 0.134262
5.020000 0.001957 0.128925 0.001957 0.166032 0.004267 0.013188 0.131911
5.030000 0.001947 0.128615 0.001947 0.165977 0.004478 0.013330 0.133326
5.040000 0.001935 0.128100 0.001935 0.164701 0.004456 0.013369 0.133713
5.050000 0.001919 0.128157 0.001919 0.165600 0.005035 0.013296 0.132998
5.060000 0.001909 0.128730 0.001909 0.162725 0.004485 0.013349 0.133526
5.070000 0.001899 0.130368 0.001899 0.161780 0.004235 0.013382 0.133858
5.080000 0.001884 0.128824 0.001884 0.163612 0.004209 0.013178 0.131814
5.090000 0.001873 0.127363 0.001873 0.163519 0.004489 0.013243 0.132456
5.100000 0.001865 0.127312 0.001865 0.160752 0.004588 0.013356 0.133591
5.110000 0.001844 0.128936 0.001844 0.162448 0.004209 0.013117 0.131216
5.120000 0.001833 0.129582 0.001833 0.165421 0.004429 0.013366 0.133688
5.130000 0.001823 0.128900 0.001823 0.166038 0.004389 0.013286 0.132884
5.140000 0.001812 0.128857 0.001812 0.166061 0.004358 0.013207 0.132110
5.150000 0.001798 0.129177 0.001798 0.165260 0.004755 0.013353 0.133562
5.160000 0.001786 0.129044 0.001786 0.166053 0.004144 0.013212 0.132138
5.170000 0.001782 0.127493 0.001782 0.164306 0.004421 0.013196 0.131984
5.180000 0.001765 0.127505 0.001765 0.163841 0.004721 0.013091 0.130937
5.190000 0.001754 0.127645 0.001754 0.165103 0.004762 0.013312 0.133171
5.200000 0.001747 0.127638 0.001747 0.163839 0.004295 0.013172 0.131755
5.210000 0.001735 0.127818 0.001735 0.164853 0.004223 0.013150 0.131525
5.220000 0.001728 0.127574 0.001728 0.164062 0.004292 0.013327 0.133298
5.230000 0.001712 0.128452 0.001712 0.164053 0.003946 0.013231 0.132362
5.240000 0.001706 0.129268 0.001706 0.164679 0.004818 0.013284 0.132872
5.250000 0.001701 0.127548 0.001701 0.165157 0.004341 0.013227 0.132305
5.260000 0.001685 0.127538 0.001685 0.164125 0.004668 0.013219 0.132236
5.270000 0.001676 0.127999 0.001676 0.163383 0.004549 0.013253 0.132565
5.280000 0.001663 0.125332 0.001663 0.163002 0.004585 0.013337 0.133403
5.290000 0.001663 0.127872 0.001663 0.163408 0.004186 0.013240 0.132412
5.300000 0.001652 0.129528 0.001652 0.161078 0.003736 0.013245 0.132510
5.310000 0.001643 0.130857 0.001643 0.162369 0.003987 0.013383 0.133853
5.320000 0.001639 0.129205 0.001639 0.162586 0.004293 0.013217 0.132198
5.330000 0.001631 0.127613 0.001631 0.161404 0.004373 0.013410 0.134176
5.340000 0.001614 0.129065 0.001614 0.164707 0.004533 0.013215 0.132178
5.350000 0.001603 0.128708 0.001603 0.164322 0.004635 0.013251 0.132547
5.360000 0.001600 0.127704 0.001600 0.165316 0.004190 0.013197 0.132006
5.370000 0.001589 0.127444 0.001589 0.164141 0.004537 0.013287 0.132893
5.380000 0.001584 0.127510 0.001584 0.165169 0.004034 0.013099 0.131035
5.390000 0.001578 0.128249 0.001578 0.162472 0.004224 0.013179 0.131841
5.400000 0.001569 0.129588 0.001569 0.163127 0.003674 0.013186 0.131881
5.410000 0.001560 0.126979 0.001560 0.161613 0.003770 0.013119 0.131220
5.420000 0.001554 0.130281 0.001554 0.164650 0.003856 0.013284 0.132898
5.430000 0.001545 0.131085 0.001545 0.165150 0.003996 0.013140 0.131426
5.440000 0.001536 0.127960 0.001536 0.162987 0.003800 0.013246 0.132488
5.450000 0.001528 0.128096 0.001528 0.163163 0.004076 0.013216 0.132235
5.460000 0.001520 0.128884 0.001520 0.164386 0.004096 0.013315 0.133170
5.470000 0.001515 0.127377 0.001515 0.164936 0.004220 0.013168 0.131725
5.480000 0.001508 0.126993 0.001508 0.163909 0.004222 0.013185 0.131897
5.490000 0.001500 0.127599 0.001500 0.165187 0.004223 0.013280 0.132812
5.500000 0.001490 0.127693 0.001490 0.164385 0.004122 0.013387 0.133898
5.510000 0.001477 0.128208 0.001477 0.164164 0.003782 0.013216 0.132202
5.520000 0.001477 0.129476 0.001477 0.165026 0.003912 0.013388 0.133910
5.530000 0.001468 0.130308 0.001468 0.166691 0.003800 0.013185 0.131878
5.540000 0.001461 0.127570 0.001461 0.164820 0.003861 0.013120 0.131248
5.550000 0.001454 0.129010 0.001454 0.164896 0.003867 0.013142 0.131416
5.560000 0.001452 0.128995 0.001452 0.163871 0.004179 0.013195 0.131987
5.570000 0.001440 0.127872 0.001440 0.163711 0.004076 0.013134 0.131369
5.580000 0.001434 0.127982 0.001434 0.165200 0.004071 0.013290 0.132934
5.590000 0.001426 0.128121 0.001426 0.165685 0.004070 0.013220 0.132226
5.600000 0.001417 0.127548 0.001417 0.164616 0.004466 0.013232 0.132350
5.610000 0.001411 0.127769 0.001411 0.165612 0.004796 0.013318 0.133193
5.620000 0.001408 0.128269 0.001408 0.162733 0.004106 0.013287 0.132871
5.630000 0.001405 0.129905 0.001405 0.161777 0.003860 0.013140 0.131406
5.640000 0.001393 0.128187 0.001393 0.162924 0.004532 0.013174 0.131778
5.650000 0.001389 0.129325 0.001389 0.165880 0.004041 0.013355 0.133596
5.660000 0.001381 0.127928 0.001381 0.165941 0.003945 0.013213 0.132152
5.670000 0.001373 0.128119 0.001373 0.165286 0.004472 0.013259 0.132630
5.680000 0.001373 0.127357 0.001373 0.162445 0.003931 0.013225 0.132281
5.690000 0.001365 0.128666 0.001365 0.160307 0.003767 0.013379 0.133819
5.700000 0.001368 0.130001 0.001368 0.161863 0.004024 0.013191 0.131942
5.710000 0.001359 0.128887 0.001359 0.162372 0.004077 0.014027 0.140292
5.720000 0.001349 0.127285 0.001349 0.162447 0.003986 0.014473 0.144857
5.730000 0.001347 0.127426 0.001347 0.163060 0.004096 0.013336 0.133387
5.740000 0.001335 0.127218 0.001335 0.162245 0.003783 0.013386 0.133896
5.750000 0.001333 0.128314 0.001333 0.163264 0.003797 0.013186 0.131902
5.760000 0.001328 0.128685 0.001328 0.164394 0.003935 0.013186 0.131882
5.770000 0.001326 0.126896 0.001326 0.164815 0.004057 0.013196 0.131982
5.780000 0.001321 0.126711 0.001321 0.163794 0.004060 0.013132 0.131348
5.790000 0.001307 0.129538 0.001307 0.165777 0.003688 0.013149 0.131543
5.800000 0.001306 0.128614 0.001306 0.166436 0.003967 0.013191 0.131944
5.810000 0.001299 0.127212 0.001299 0.164825 0.003801 0.013153 0.131565
5.820000 0.001293 0.127715 0.001293 0.165626 0.003760 0.013223 0.132267
5.830000 0.001291 0.127878 0.001291 0.165837 0.003966 0.013347 0.133500
5.840000 0.001283 0.127434 0.001283 0.164702 0.004352 0.013157 0.131610
5.850000 0.001280 0.127666 0.001280 0.165627 0.003966 0.013299 0.133046
5.860000 0.001278 0.128108 0.001278 0.162710 0.003996 0.013342 0.133447
5.870000 0.001276 0.129769 0.001276 0.161766 0.003749 0.013231 0.132353
5.880000 0.001266 0.128072 0.001266 0.162919 0.004423 0.013288 0.132946
5.890000 0.001264 0.129215 0.001264 0.165876 0.003933 0.013444 0.134470
5.900000 0.001257 0.127816 0.001257 0.165940 0.003838 0.013200 0.132051
5.910000 0.001251 0.128008 0.001251 0.165286 0.004366 0.013235 0.132384
5.920000 0.001253 0.127249 0.001253 0.162446 0.003827 0.013370 0.133726
5.930000 0.001246 0.128559 0.001246 0.160308 0.003664 0.013320 0.133220
5.940000 0.001250 0.129895 0.001250 0.161864 0.003989 0.013168 0.131723
5.950000 0.001243 0.128782 0.001243 0.162373 0.003975 0.013358 0.133592
5.960000 0.001235 0.127181 0.001235 0.162448 0.003885 0.013268 0.132709
5.970000 0.001234 0.127323 0.001234 0.163061 0.003996 0.013181 0.131850
5.980000 0.001223 0.127117 0.001223 0.162247 0.003685 0.013342 0.133460
5.990000 0.001223 0.128215 0.001223 0.163266 0.003699 0.013116 0.131188
6.000000 0.001218 0.128587 0.001218 0.164396 0.003838 0.013103 0.131066
6.010000 0.001218 0.126799 0.001218 0.164816 0.003961 0.013307 0.133084
6.020000 0.001214 0.126615 0.001214 0.163795 0.003965 0.013203 0.132082
6.030000 0.001202 0.129444 0.001202 0.165779 0.003594 0.013148 0.131514
6.040000 0.001202 0.128521 0.001202 0.166437 0.003874 0.013234 0.132375
6.050000 0.001196 0.127120 0.001196 0.164827 0.003708 0.013263 0.132683
6.060000 0.001191 0.127625 0.001191 0.165627 0.003669 0.013272 0.132766
6.070000 0.001191 0.127788 0.001191 0.165838 0.003876 0.013255 0.132568
6.080000 0.001184 0.127345 0.001184 0.164703 0.004262 0.013216 0.132191
6.090000 0.001182 0.127579 0.001182 0.165629 0.003878 0.013229 0.132330
6.100000 0.001182 0.128023 0.001182 0.162712 0.003909 0.013466 0.134690
6.110000 0.001181 0.129684 0.001181 0.161768 0.003662 0.013156 0.131574
6.120000 0.001172 0.127988 0.001172 0.162920 0.004337 0.013269 0.132728
6.130000 0.001171 0.129132 0.001171 0.165878 0.003848 0.013288 0.132934
6.140000 0.001165 0.127733 0.001165 0.165941 0.003754 0.013245 0.132468
6.150000 0.001159 0.127927 0.001159 0.165288 0.004283 0.013285 0.132854
6.160000 0.001163 0.127169 0.001163 0.162447 0.003745 0.013204 0.132099
6.170000 0.001157 0.128480 0.001157 0.160309 0.003582 0.013204 0.132086
6.180000 0.001162 0.129816 0.001162 0.161865 0.003961 0.013239 0.132412
6.190000 0.001156 0.128704 0.001156 0.162374 0.003895 0.013383 0.133872
6.200000 0.001149 0.127104 0.001149 0.162449 0.003806 0.013169 0.131718
6.210000 0.001149 0.127248 0.001149 0.163063 0.003918 0.013131 0.131340
6.220000 0.001139 0.127043 0.001139 0.162248 0.003607 0.013254 0.132574
6.230000 0.001139 0.125752 0.001139 0.160960 0.003781 0.013224 0.132255
6.240000 0.001132 0.127989 0.001132 0.163766 0.004251 0.013114 0.131165
6.250000 0.001129 0.127755 0.001129 0.164710 0.004250 0.013279 0.132821
6.260000 0.001130 0.126679 0.001130 0.164998 0.003643 0.013264 0.132667
6.270000 0.001126 0.127217 0.001126 0.165429 0.003724 0.013204 0.132061
6.280000 0.001123 0.127561 0.001123 0.165821 0.003714 0.013347 0.133528
6.290000 0.001120 0.127697 0.001120 0.166189 0.003712 0.013311 0.133130
6.300000 0.001117 0.127524 0.001117 0.165008 0.004146 0.013168 0.131711
6.310000 0.001112 0.127906 0.001112 0.164432 0.003466 0.013261 0.132646
6.320000 0.001116 0.129118 0.001116 0.165123 0.003592 0.013311 0.133147
6.330000 0.001112 0.129986 0.001112 0.166718 0.003480 0.013197 0.131992
6.340000 0.001109 0.127277 0.001109 0.164819 0.003548 0.013277 0.132810
6.350000 0.001107 0.128697 0.001107 0.164889 0.003556 0.013358 0.133606
6.360000 0.001109 0.128696 0.001109 0.163874 0.003870 0.013162 0.131665
6.370000 0.001102 0.127579 0.001102 0.163716 0.003771 0.013323 0.133274
6.380000 0.001099 0.127690 0.001099 0.165207 0.003769 0.013259 0.132631
6.390000 0.001096 0.127834 0.001096 0.165693 0.003771 0.013126 0.131304
6.400000 0.001090 0.127262 0.001090 0.164625 0.004171 0.013100 0.131043
6.410000 0.001087 0.127786 0.001087 0.164239 0.003446 0.013183 0.131853
6.420000 0.001090 0.129194 0.001090 0.165095 0.003563 0.013229 0.132316
6.430000 0.001088 0.129348 0.001088 0.167054 0.003730 0.013139 0.131433
6.440000 0.001084 0.129860 0.001084 0.166081 0.003561 0.013259 0.132635
6.450000 0.001081 0.127006 0.001081 0.163248 0.003397 0.013302 0.133017
6.460000 0.001075 0.127147 0.001075 0.163317 0.003579 0.013139 0.131454
6.470000 0.001072 0.126754 0.001072 0.164570 0.004195 0.013367 0.133728
6.480000 0.001074 0.126536 0.001074 0.161985 0.003778 0.013218 0.132215
6.490000 0.001078 0.128634 0.001078 0.161672 0.003698 0.013225 0.132279
6.500000 0.001075 0.128601 0.001075 0.162523 0.003830 0.013262 0.132635
6.510000 0.001068 0.127317 0.001068 0.162880 0.003735 0.013279 0.132827
6.520000 0.001061 0.127170 0.001061 0.164634 0.004192 0.013182 0.131846
6.530000 0.001056 0.129001 0.001056 0.164319 0.003439 0.013249 0.132528
6.540000 0.001061 0.128473 0.001061 0.163894 0.003611 0.013248 0.132513
6.550000 0.001054 0.127699 0.001054 0.165310 0.003737 0.013058 0.130618
6.560000 0.001058 0.127438 0.001058 0.163967 0.003871 0.013237 0.132415
6.570000 0.001049 0.127583 0.001049 0.165167 0.003669 0.013100 0.131029
6.580000 0.001046 0.127153 0.001046 0.164356 0.004087 0.013113 0.131166
6.590000 0.001043 0.127838 0.001043 0.164176 0.003401 0.013221 0.132246
6.600000 0.001046 0.127488 0.001046 0.164231 0.003700 0.013314 0.133155
6.610000 0.001045 0.129088 0.001045 0.166126 0.003704 0.013254 0.132564
6.620000 0.001038 0.129616 0.001038 0.166029 0.003630 0.013318 0.133229
6.630000 0.001037 0.127647 0.001037 0.165874 0.004504 0.013344 0.133468
6.640000 0.001033 0.127269 0.001033 0.164267 0.003542 0.013137 0.131396
6.650000 0.001037 0.126741 0.001037 0.163563 0.003829 0.013328 0.133312
6.660000 0.001032 0.126862 0.001032 0.163435 0.003722 0.013351 0.133541
6.670000 0.001027 0.127391 0.001027 0.163041 0.004011 0.013380 0.133815
6.680000 0.001026 0.125887 0.001026 0.163630 0.004181 0.013188 0.131932
6.690000 0.001025 0.126772 0.001025 0.164891 0.003494 0.013473 0.134746
6.700000 0.001024 0.127587 0.001024 0.165565 0.003632 0.013324 0.133248
6.710000 0.001021 0.127070 0.001021 0.164568 0.004100 0.013251 0.132532
6.720000 0.001018 0.127811 0.001018 0.164265 0.003373 0.013399 0.134032
6.730000 0.001023 0.129043 0.001023 0.165073 0.003499 0.013353 0.133576
6.740000 0.001021 0.129294 0.001021 0.167058 0.003667 0.013292 0.132947
6.750000 0.001018 0.129824 0.001018 0.166091 0.003496 0.013427 0.134290
6.760000 0.001015 0.126954 0.001015 0.163251 0.003333 0.013259 0.132607
6.770000 0.001010 0.127086 0.001010 0.163318 0.003515 0.013200 0.132064
6.780000 0.001008 0.126694 0.001008 0.164572 0.004133 0.013399 0.134023
6.790000 0.001010 0.126481 0.001010 0.161986 0.003716 0.013344 0.133473
6.800000 0.001014 0.128579 0.001014 0.161673 0.003677 0.013179 0.131825
6.810000 0.001012 0.128546 0.001012 0.162524 0.003769 0.013362 0.133670
6.820000 0.001006 0.127262 0.001006 0.162881 0.003675 0.013150 0.131524
6.830000 0.001000 0.127116 0.001000 0.164635 0.004132 0.013424 0.134274
6.840000 0.000996 0.128948 0.000996 0.164320 0.003380 0.013948 0.139503
6.850000 0.001001 0.128419 0.001001 0.163895 0.003552 0.014409 0.144199
6.860000 0.000994 0.127647 0.000994 0.165311 0.003679 0.013464 0.134684
6.870000 0.001000 0.127385 0.001000 0.163968 0.003813 0.013331 0.133331
6.880000 0.000991 0.127532 0.000991 0.165168 0.003612 0.013225 0.132286
6.890000 0.000989 0.127102 0.000989 0.164356 0.004030 0.013399 0.134025
6.900000 0.000986 0.127787 0.000986 0.164177 0.003346 0.013328 0.133284
6.910000 0.000990 0.127438 0.000990 0.164232 0.003645 0.013375 0.133778
6.920000 0.000990 0.129038 0.000990 0.166126 0.003649 0.013359 0.133629
6.930000 0.000992 0.128719 0.000992 0.164722 0.003678 0.013356 0.133583
6.940000 0.000983 0.127302 0.000983 0.165122 0.004462 0.013154 0.131563
6.950000 0.000982 0.126914 0.000982 0.163766 0.003702 0.013312 0.133176
6.960000 0.000978 0.127728 0.000978 0.165052 0.003613 0.013286 0.132890
6.970000 0.000975 0.127081 0.000975 0.164204 0.004073 0.013214 0.132191
6.980000 0.000973 0.127679 0.000973 0.164108 0.003330 0.013338 0.133449
6.990000 0.000975 0.128521 0.000975 0.164700 0.004204 0.013329 0.133313
7.000000 0.000978 0.126837 0.000978 0.165150 0.003735 0.013196 0.131991
7.010000 0.000971 0.126874 0.000971 0.164120 0.004068 0.013280 0.132821
7.020000 0.000970 0.127199 0.000970 0.165276 0.003433 0.013224 0.132265
7.030000 0.000976 0.126738 0.000976 0.164045 0.003740 0.013059 0.130645
7.040000 0.000967 0.126740 0.000967 0.163770 0.004047 0.013260 0.132632
7.050000 0.000961 0.127020 0.000961 0.165017 0.003811 0.013179 0.131809
7.060000 0.000969 0.126161 0.000969 0.161308 0.003693 0.013094 0.130962
7.070000 0.000971 0.127053 0.000971 0.162291 0.003726 0.013247 0.132535
7.080000 0.000972 0.125206 0.000972 0.162337 0.003653 0.013274 0.132764
7.090000 0.000964 0.127026 0.000964 0.162587 0.003716 0.013150 0.131549
7.100000 0.000963 0.126646 0.000963 0.162266 0.003665 0.013348 0.133517
7.110000 0.000955 0.126137 0.000955 0.162936 0.003888 0.013279 0.132832
7.120000 0.000961 0.126453 0.000961 0.162819 0.003385 0.013238 0.132401
7.130000 0.000963 0.129416 0.000963 0.163062 0.003463 0.013201 0.132010
7.140000 0.000961 0.128957 0.000961 0.163853 0.003603 0.013383 0.133860
7.150000 0.000962 0.127269 0.000962 0.163342 0.003736 0.013386 0.133870
7.160000 0.000961 0.127130 0.000961 0.164850 0.003732 0.013234 0.132378
7.170000 0.000957 0.127043 0.000957 0.164211 0.003628 0.013359 0.133623
7.180000 0.000951 0.127873 0.000951 0.164095 0.003306 0.013346 0.133506
7.190000 0.000956 0.128987 0.000956 0.164996 0.003436 0.013319 0.133206
7.200000 0.000955 0.129254 0.000955 0.167049 0.003600 0.013451 0.134535
7.210000 0.000952 0.129741 0.000952 0.166087 0.003430 0.013335 0.133371
7.220000 0.000950 0.126894 0.000950 0.163249 0.003269 0.013269 0.132748
7.230000 0.000946 0.127022 0.000946 0.163314 0.003452 0.013412 0.134160
7.240000 0.000944 0.126632 0.000944 0.164571 0.004070 0.013304 0.133080
7.250000 0.000948 0.126425 0.000948 0.161986 0.003653 0.013207 0.132094
7.260000 0.000953 0.128520 0.000953 0.161672 0.003656 0.013326 0.133305
7.270000 0.000951 0.128488 0.000951 0.162523 0.003707 0.013321 0.133228
7.280000 0.000945 0.127206 0.000945 0.162880 0.003614 0.013255 0.132571
7.290000 0.000940 0.127060 0.000940 0.164634 0.004072 0.013472 0.134767
7.300000 0.000936 0.128893 0.000936 0.164320 0.003320 0.013277 0.132830
7.310000 0.000942 0.128366 0.000942 0.163895 0.003492 0.013279 0.132811
7.320000 0.000936 0.127594 0.000936 0.165311 0.003620 0.013357 0.133604
7.330000 0.000942 0.127333 0.000942 0.163968 0.003755 0.013236 0.132400
7.340000 0.000935 0.127480 0.000935 0.165168 0.003554 0.013285 0.132866
7.350000 0.000932 0.127051 0.000932 0.164356 0.003973 0.013271 0.132734
7.360000 0.000930 0.127737 0.000930 0.164177 0.003289 0.013236 0.132357
7.370000 0.000935 0.127389 0.000935 0.164232 0.003588 0.013248 0.132512
7.380000 0.000935 0.128989 0.000935 0.166126 0.003593 0.013403 0.134067
7.390000 0.000938 0.128671 0.000938 0.164722 0.003622 0.013190 0.131952
7.400000 0.000929 0.127254 0.000929 0.165122 0.004407 0.013147 0.131497
7.410000 0.000929 0.126867 0.000929 0.163766 0.003648 0.013122 0.131262
7.420000 0.000926 0.127681 0.000926 0.165052 0.003559 0.013232 0.132340
7.430000 0.000923 0.127035 0.000923 0.164204 0.004019 0.013214 0.132154
7.440000 0.000921 0.127633 0.000921 0.164108 0.003277 0.013126 0.131291
7.450000 0.000924 0.128476 0.000924 0.164700 0.004152 0.013203 0.132063
7.460000 0.000928 0.126792 0.000928 0.165150 0.003683 0.013167 0.131672
7.470000 0.000921 0.126830 0.000921 0.164120 0.004016 0.013435 0.134390
7.480000 0.000921 0.127156 0.000921 0.165276 0.003382 0.013272 0.132747
7.490000 0.000927 0.126695 0.000927 0.164045 0.003689 0.013190 0.131927
7.500000 0.000919 0.126698 0.000919 0.163771 0.003997 0.013309 0.133158
7.510000 0.000914 0.126977 0.000914 0.165017 0.003762 0.013272 0.132766
7.520000 0.000922 0.126120 0.000922 0.161309 0.003643 0.013324 0.133269
7.530000 0.000924 0.127012 0.000924 0.162292 0.003677 0.013367 0.133705
7.540000 0.000926 0.125165 0.000926 0.162337 0.003605 0.013274 0.132768
7.550000 0.000918 0.126986 0.000918 0.162588 0.003668 0.013226 0.132285
7.560000 0.000918 0.126606 0.000918 0.162267 0.003618 0.013510 0.135158
7.570000 0.000910 0.126098 0.000910 0.162937 0.003841 0.013227 0.132292
7.580000 0.000917 0.126415 0.000917 0.162820 0.003369 0.013202 0.132028
7.590000 0.000919 0.129378 0.000919 0.163063 0.003416 0.013327 0.133338
7.600000 0.000918 0.128919 0.000918 0.163854 0.003557 0.013330 0.133340
7.610000 0.000920 0.127232 0.000920 0.163343 0.003691 0.013268 0.132700
7.620000 0.000919 0.127093 0.000919 0.164850 0.003687 0.013349 0.133545
7.630000 0.000916 0.127006 0.000916 0.164211 0.003584 0.013267 0.132703
7.640000 0.000909 0.127837 0.000909 0.164096 0.003262 0.013210 0.132110
7.650000 0.000915 0.128952 0.000915 0.164996 0.003392 0.013394 0.133983
7.660000 0.000915 0.129219 0.000915 0.167050 0.003557 0.013418 0.134193
7.670000 0.000912 0.129706 0.000912 0.166087 0.003388 0.013276 0.132794
7.680000 0.000911 0.126859 0.000911 0.163249 0.003227 0.013287 0.132912
7.690000 0.000907 0.126987 0.000907 0.163315 0.003410 0.013343 0.133447
7.700000 0.000906 0.126598 0.000906 0.164571 0.004028 0.013270 0.132721
7.710000 0.000909 0.126392 0.000909 0.161987 0.003612 0.013179 0.131846
7.720000 0.000915 0.128487 0.000915 0.161672 0.003642 0.013284 0.132848
7.730000 0.000913 0.128455 0.000913 0.162523 0.003667 0.013153 0.131584
7.740000 0.000908 0.127173 0.000908 0.162880 0.003574 0.013331 0.133364
7.750000 0.000904 0.127028 0.000904 0.164635 0.004032 0.013180 0.131840
7.760000 0.000900 0.128861 0.000900 0.164321 0.003281 0.013159 0.131603
7.770000 0.000906 0.128334 0.000906 0.163896 0.003454 0.013196 0.131984
7.780000 0.000901 0.127563 0.000901 0.165311 0.003582 0.013251 0.132550
7.790000 0.000907 0.127302 0.000907 0.163969 0.003717 0.013256 0.132602
7.800000 0.000900 0.127449 0.000900 0.165168 0.003517 0.013264 0.132645
7.810000 0.000898 0.127020 0.000898 0.164357 0.003936 0.013301 0.133046
7.820000 0.000896 0.127707 0.000896 0.164177 0.003252 0.013187 0.131902
7.830000 0.000901 0.127359 0.000901 0.164232 0.003552 0.013322 0.133249
7.840000 0.000902 0.128960 0.000902 0.166127 0.003557 0.013303 0.133079
7.850000 0.000905 0.128641 0.000905 0.164723 0.003587 0.013214 0.132175
7.860000 0.000896 0.127225 0.000896 0.165123 0.004372 0.013275 0.132778
7.870000 0.000897 0.126838 0.000897 0.163767 0.003613 0.013239 0.132423
7.880000 0.000894 0.127653 0.000894 0.165052 0.003524 0.013290 0.132923
7.890000 0.000892 0.127007 0.000892 0.164205 0.003985 0.013183 0.131855
7.900000 0.000890 0.127606 0.000890 0.164109 0.003243 0.013232 0.132361
7.910000 0.000893 0.128449 0.000893 0.164701 0.004118 0.013321 0.133227
7.920000 0.000898 0.126766 0.000898 0.165151 0.003650 0.013164 0.131667
7.930000 0.000891 0.126804 0.000891 0.164121 0.003983 0.013349 0.133543
7.940000 0.000891 0.127130 0.000891 0.165277 0.003349 0.013190 0.131943
7.950000 0.000897 0.126669 0.000897 0.164046 0.003656 0.013178 0.131803
7.960000 0.000890 0.126672 0.000890 0.163771 0.003964 0.013199 0.132017
7.970000 0.000885 0.126952 0.000885 0.165018 0.003730 0.014132 0.141354
7.980000 0.000894 0.126095 0.000894 0.161309 0.003612 0.014151 0.141616
7.990000 0.000896 0.126988 0.000896 0.162292 0.003646 0.013180 0.131866
8.000000 0.000898 0.125141 0.000898 0.162338 0.003574 0.013139 0.131412
8.010000 0.000890 0.126962 0.000890 0.162589 0.003638 0.013268 0.132726
8.020000 0.000885 0.126583 0.000885 0.162267 0.003316 0.013330 0.133331
8.030000 0.000888 0.127024 0.000888 0.162760 0.003279 0.013173 0.131727
8.040000 0.000890 0.127375 0.000890 0.163859 0.003387 0.013251 0.132539
8.050000 0.000890 0.128465 0.000890 0.164893 0.003343 0.013326 0.133286
8.060000 0.000888 0.126533 0.000888 0.162450 0.003209 0.013314 0.133154
8.070000 0.000882 0.129163 0.000882 0.164933 0.003278 0.013354 0.133563
8.080000 0.000885 0.127993 0.000885 0.165799 0.003478 0.013368 0.133733
8.090000 0.000887 0.127489 0.000887 0.165473 0.003565 0.013138 0.131425
8.100000 0.000886 0.127407 0.000886 0.165997 0.003588 0.013272 0.132741
8.110000 0.000883 0.127528 0.000883 0.165961 0.003508 0.013326 0.133302
8.120000 0.000881 0.127185 0.000881 0.166061 0.003336 0.013184 0.131862
8.130000 0.000890 0.125701 0.000890 0.164697 0.003597 0.013193 0.131953
8.140000 0.000880 0.126878 0.000880 0.163924 0.003360 0.013160 0.131651
8.150000 0.000887 0.126247 0.000887 0.164677 0.003679 0.013199 0.132014
8.160000 0.000883 0.128282 0.000883 0.165745 0.003621 0.013091 0.130940
8.170000 0.000881 0.127170 0.000881 0.163972 0.003565 0.013276 0.132800
8.180000 0.000878 0.126875 0.000878 0.163439 0.003163 0.013140 0.131418
8.190000 0.000882 0.127335 0.000882 0.164054 0.003390 0.013223 0.132231
8.200000 0.000881 0.130339 0.000881 0.166690 0.003282 0.013388 0.133937
8.210000 0.000877 0.129814 0.000877 0.167265 0.003129 0.013283 0.132845
8.220000 0.000885 0.126615 0.000885 0.163586 0.003620 0.013134 0.131368
8.230000 0.000878 0.127103 0.000878 0.163588 0.003540 0.013358 0.133594
8.240000 0.000882 0.127126 0.000882 0.164844 0.003668 0.013253 0.132593
8.250000 0.000875 0.127134 0.000875 0.164201 0.003913 0.013327 0.133285
8.260000 0.000873 0.127542 0.000873 0.164055 0.003227 0.013346 0.133468
8.270000 0.000879 0.128943 0.000879 0.165002 0.003360 0.013384 0.133893
8.280000 0.000879 0.129191 0.000879 0.167030 0.003528 0.013263 0.132667
8.290000 0.000877 0.129648 0.000877 0.166074 0.003358 0.013463 0.134652
8.300000 0.000875 0.126821 0.000875 0.163248 0.003196 0.013232 0.132372
8.310000 0.000872 0.126953 0.000872 0.163314 0.003379 0.013260 0.132646
8.320000 0.000871 0.126558 0.000871 0.164567 0.003998 0.013386 0.133892
8.330000 0.000875 0.126351 0.000875 0.161982 0.003582 0.013251 0.132546
8.340000 0.000880 0.128449 0.000880 0.161669 0.003631 0.013289 0.132913
8.350000 0.000879 0.128419 0.000879 0.162520 0.003636 0.013429 0.134340
8.360000 0.000874 0.127136 0.000874 0.162877 0.003543 0.013310 0.133186
8.370000 0.000870 0.126992 0.000870 0.164632 0.004002 0.013250 0.132535
8.380000 0.000867 0.128826 0.000867 0.164318 0.003251 0.013508 0.135140
8.390000 0.000873 0.128299 0.000873 0.163893 0.003423 0.013251 0.132559
8.400000 0.000868 0.127528 0.000868 0.165309 0.003551 0.013256 0.132566
8.410000 0.000874 0.127268 0.000874 0.163966 0.003686 0.013308 0.133096
8.420000 0.000867 0.127416 0.000867 0.165166 0.003486 0.013282 0.132853
8.430000 0.000866 0.126987 0.000866 0.164355 0.003905 0.013285 0.132892
8.440000 0.000864 0.127675 0.000864 0.164176 0.003222 0.013255 0.132565
8.450000 0.000870 0.127327 0.000870 0.164231 0.003522 0.013343 0.133463
8.460000 0.000870 0.128928 0.000870 0.166125 0.003527 0.013115 0.131181
8.470000 0.000874 0.128610 0.000874 0.164721 0.003557 0.013252 0.132544
8.480000 0.000865 0.127194 0.000865 0.165121 0.004342 0.013371 0.133740
8.490000 0.000866 0.126808 0.000866 0.163765 0.003583 0.013255 0.132571
8.500000 0.000864 0.127623 0.000864 0.165051 0.003494 0.013279 0.132829
8.510000 0.000862 0.126977 0.000862 0.164204 0.003956 0.013145 0.131508
8.520000 0.000860 0.127577 0.000860 0.164107 0.003214 0.013188 0.131901
8.530000 0.000863 0.128420 0.000863 0.164700 0.004089 0.013265 0.132691
8.540000 0.000868 0.126737 0.000868 0.165149 0.003621 0.013200 0.132043
8.550000 0.000862 0.126775 0.000862 0.164120 0.003954 0.013168 0.131689
8.560000 0.000862 0.127102 0.000862 0.165276 0.003321 0.013295 0.132978
8.570000 0.000869 0.126641 0.000869 0.164045 0.003628 0.013228 0.132349
8.580000 0.000862 0.126644 0.000862 0.163771 0.003936 0.013183 0.131891
8.590000 0.000856 0.126925 0.000856 0.165017 0.003702 0.013282 0.132844
8.600000 0.000866 0.126068 0.000866 0.161309 0.003584 0.013259 0.132624
8.610000 0.000868 0.126961 0.000868 0.162292 0.003618 0.013294 0.132971
8.620000 0.000871 0.125114 0.000871 0.162337 0.003556 0.013363 0.133656
8.630000 0.000863 0.126936 0.000863 0.162588 0.003610 0.013407 0.134126
8.640000 0.000858 0.126557 0.000858 0.162267 0.003289 0.013211 0.132161
8.650000 0.000861 0.126999 0.000861 0.162759 0.003269 0.013209 0.132123
8.660000 0.000864 0.127350 0.000864 0.163859 0.003360 0.013330 0.133311
8.670000 0.000863 0.128440 0.000863 0.164892 0.003316 0.013327 0.133292
8.680000 0.000862 0.126508 0.000862 0.162449 0.003183 0.013136 0.131381
8.690000 0.000856 0.129138 0.000856 0.164932 0.003252 0.013393 0.133974
8.700000 0.000859 0.127969 0.000859 0.165798 0.003452 0.013330 0.133314
8.710000 0.000861 0.127465 0.000861 0.165473 0.003539 0.013199 0.132025
8.720000 0.000861 0.127383 0.000861 0.165997 0.003562 0.013342 0.133456
8.730000 0.000858 0.127505 0.000858 0.165961 0.003482 0.013260 0.132646
8.740000 0.000857 0.127161 0.000857 0.166061 0.003311 0.013287 0.132894
8.750000 0.000866 0.125678 0.000866 0.164696 0.003572 0.013363 0.133665
8.760000 0.000855 0.126855 0.000855 0.163923 0.003335 0.013236 0.132393
8.770000 0.000863 0.126224 0.000863 0.164677 0.003654 0.013253 0.132553
8.780000 0.000859 0.128260 0.000859 0.165745 0.003597 0.013241 0.132430
8.790000 0.000857 0.127148 0.000857 0.163972 0.003540 0.013175 0.131787
8.800000 0.000855 0.126854 0.000855 0.163438 0.003154 0.013206 0.132101
8.810000 0.000858 0.127314 0.000858 0.164053 0.003366 0.013161 0.131634
8.820000 0.000858 0.130318 0.000858 0.166690 0.003258 0.013068 0.130698
8.830000 0.000855 0.129793 0.000855 0.167265 0.003105 0.013192 0.131939
8.840000 0.000862 0.126594 0.000862 0.163586 0.003612 0.013328 0.133329
8.850000 0.000856 0.127083 0.000856 0.163588 0.003517 0.013176 0.131784
8.860000 0.000860 0.127106 0.000860 0.164844 0.003645 0.013184 0.131858
8.870000 0.000853 0.127113 0.000853 0.164201 0.003890 0.013388 0.133903
8.880000 0.000851 0.127522 0.000851 0.164055 0.003204 0.013379 0.133835
8.890000 0.000858 0.128924 0.000858 0.165002 0.003337 0.013216 0.132212
8.900000 0.000858 0.129172 0.000858 0.167030 0.003505 0.013286 0.132882
8.910000 0.000856 0.129629 0.000856 0.166074 0.003336 0.013344 0.133478
8.920000 0.000854 0.126802 0.000854 0.163248 0.003174 0.013203 0.132066
8.930000 0.000851 0.126934 0.000851 0.163314 0.003357 0.013308 0.133104
8.940000 0.000850 0.126539 0.000850 0.164567 0.003976 0.013274 0.132775
8.950000 0.000854 0.126332 0.000854 0.161982 0.003560 0.013193 0.131959
8.960000 0.000860 0.128431 0.000860 0.161669 0.003624 0.013286 0.132883
8.970000 0.000859 0.128400 0.000859 0.162520 0.003615 0.013214 0.132179
8.980000 0.000854 0.127118 0.000854 0.162877 0.003522 0.013126 0.131263
8.990000 0.000850 0.126974 0.000850 0.164632 0.003981 0.013231 0.132340
9.000000 0.000847 0.128809 0.000847 0.164318 0.003230 0.013180 0.131839
9.010000 0.000854 0.128282 0.000854 0.163893 0.003403 0.013180 0.131834
9.020000 0.000849 0.127511 0.000849 0.165309 0.003531 0.013243 0.132450
9.030000 0.000855 0.127251 0.000855 0.163966 0.003666 0.013285 0.132928
9.040000 0.000849 0.127399 0.000849 0.165166 0.003466 0.013155 0.131587
9.050000 0.000847 0.126971 0.000847 0.164355 0.003885 0.013303 0.133062
9.060000 0.000846 0.127658 0.000846 0.164176 0.003202 0.013309 0.133124
9.070000 0.000852 0.127311 0.000852 0.164231 0.003502 0.013270 0.132736
9.080000 0.000852 0.128912 0.000852 0.166125 0.003508 0.013295 0.132965
9.090000 0.000856 0.128594 0.000856 0.164721 0.003542 0.013359 0.133647
9.100000 0.000848 0.127178 0.000848 0.165121 0.004323 0.014347 0.143502
9.110000 0.000849 0.126792 0.000849 0.163765 0.003564 0.013993 0.140023
9.120000 0.000846 0.127607 0.000846 0.165051 0.003475 0.013266 0.132673
9.130000 0.000845 0.126962 0.000845 0.164204 0.003937 0.013125 0.131274
9.140000 0.000843 0.127562 0.000843 0.164107 0.003195 0.013212 0.132151
9.150000 0.000847 0.128405 0.000847 0.164700 0.004071 0.013322 0.133237
9.160000 0.000852 0.126722 0.000852 0.165150 0.003603 0.013260 0.132594
9.170000 0.000845 0.126760 0.000845 0.164120 0.003936 0.013231 0.132358
9.180000 0.000846 0.127087 0.000846 0.165276 0.003303 0.013336 0.133402
9.190000 0.000853 0.126627 0.000853 0.164045 0.003610 0.013290 0.132924
9.200000 0.000846 0.126630 0.000846 0.163771 0.003919 0.013399 0.134010
9.210000 0.000841 0.126911 0.000841 0.165017 0.003685 0.013384 0.133903
9.220000 0.000850 0.126055 0.000850 0.161309 0.003567 0.013202 0.132054
9.230000 0.000853 0.126947 0.000853 0.162292 0.003601 0.013270 0.132720
9.240000 0.000855 0.125101 0.000855 0.162337 0.003550 0.013125 0.131303
9.250000 0.000848 0.126923 0.000848 0.162588 0.003594 0.013161 0.131643
9.260000 0.000843 0.126543 0.000843 0.162267 0.003272 0.013167 0.131698
9.270000 0.000847 0.126985 0.000847 0.162759 0.003264 0.013250 0.132531
9.280000 0.000849 0.127337 0.000849 0.163859 0.003344 0.013177 0.131819
9.290000 0.000849 0.128427 0.000849 0.164892 0.003300 0.013262 0.132652
9.300000 0.000848 0.126495 0.000848 0.162449 0.003167 0.013264 0.132662
9.310000 0.000842 0.129126 0.000842 0.164932 0.003236 0.013205 0.132088
9.320000 0.000845 0.127956 0.000845 0.165798 0.003436 0.013271 0.132725
9.330000 0.000847 0.127453 0.000847 0.165473 0.003523 0.013301 0.133052
9.340000 0.000847 0.127371 0.000847 0.165997 0.003546 0.013278 0.132832
9.350000 0.000845 0.127493 0.000845 0.165961 0.003467 0.013247 0.132493
9.360000 0.000843 0.127150 0.000843 0.166061 0.003296 0.013359 0.133619
9.370000 0.000852 0.125666 0.000852 0.164696 0.003557 0.013191 0.131984
9.380000 0.000842 0.126844 0.000842 0.163924 0.003320 0.013330 0.133309
9.390000 0.000849 0.126213 0.000849 0.164677 0.003640 0.013336 0.133379
9.400000 0.000846 0.128248 0.000846 0.165745 0.003582 0.013411 0.134216
9.410000 0.000844 0.127137 0.000844 0.163972 0.003526 0.013137 0.131403
9.420000 0.000842 0.126843 0.000842 0.163439 0.003149 0.013417 0.134181
9.430000 0.000846 0.127303 0.000846 0.164054 0.003351 0.013412 0.134158
9.440000 0.000845 0.130307 0.000845 0.166690 0.003244 0.013340 0.133422
9.450000 0.000842 0.129782 0.000842 0.167265 0.003091 0.013314 0.133162
9.460000 0.000850 0.126584 0.000850 0.163586 0.003607 0.013315 0.133214
9.470000 0.000844 0.127072 0.000844 0.163588 0.003503 0.013339 0.133402
9.480000 0.000848 0.127095 0.000848 0.164844 0.003631 0.013407 0.134102
9.490000 0.000841 0.127103 0.000841 0.164202 0.003876 0.013322 0.133252
9.500000 0.000840 0.127512 0.000840 0.164055 0.003191 0.013295 0.132972
9.510000 0.000846 0.128914 0.000846 0.165002 0.003324 0.013325 0.133280
9.520000 0.000846 0.129162 0.000846 0.167030 0.003492 0.013312 0.133177
9.530000 0.000844 0.129619 0.000844 0.166074 0.003323 0.013283 0.132847
9.540000 0.000843 0.126792 0.000843 0.163248 0.003161 0.013343 0.133468
9.550000 0.000840 0.126925 0.000840 0.163314 0.003345 0.013240 0.132458
9.560000 0.000839 0.126530 0.000839 0.164567 0.003963 0.013413 0.134154
9.570000 0.000843 0.126323 0.000843 0.161983 0.003547 0.013356 0.133581
9.580000 0.000849 0.128422 0.000849 0.161669 0.003620 0.013227 0.132310
9.590000 0.000849 0.128391 0.000849 0.1